15372135 4495128857.0 1532720265 1533077595 4558940 1299419151.0
0 0 0.695559920597
0 200000 0.00198443482314
0 400000 0.00143519426547
0 600000 0.00113900899257
0 800000 0.00196400825259
0 1000000 0.000554444779466
0 1200000 0.00019899643088
0 1400000 9.07486175473e-05
0 1600000 2.06867816344e-05
0 1800000 4.87895793265e-06
0 2000000 7.80633269224e-07
0 2200000 6.50527724353e-08
200 0 4.55369407047e-07
200 200000 2.14674149037e-06
200 400000 8.26170209929e-06
200 600000 3.29817556247e-05
200 800000 5.26927456726e-06
200 1000000 5.39938011213e-06
200 1200000 5.13916902239e-06
200 1400000 6.50527724353e-06
200 1600000 1.69137208332e-05
200 1800000 1.06686546794e-05
200 2000000 7.35096328519e-06
200 2200000 8.00149100954e-06
200 2400000 7.09075219545e-06
200 2600000 4.87895793265e-06
200 2800000 4.48864129804e-06
200 3000000 3.57790248394e-06
200 3200000 2.99242753202e-06
200 3400000 2.14674149037e-06
200 3600000 1.43116099358e-06
200 3800000 9.7579158653e-07
200 4000000 3.25263862177e-07
200 4200000 6.50527724353e-08
400 200000 3.25263862177e-07
400 400000 7.80633269224e-07
400 600000 6.50527724353e-07
400 800000 5.20422179483e-07
400 1000000 6.50527724353e-07
400 1200000 5.85474951918e-07
400 1400000 1.43116099358e-06
400 1600000 1.88653040062e-06
400 1800000 1.95158317306e-06
400 2000000 1.95158317306e-06
400 2200000 1.56126653845e-06
400 2400000 1.36610822114e-06
400 2600000 1.56126653845e-06
400 2800000 1.04084435897e-06
400 3000000 1.75642485575e-06
400 3200000 2.14674149037e-06
400 3400000 2.01663594549e-06
400 3600000 2.14674149037e-06
400 3800000 1.75642485575e-06
400 4000000 2.66716366985e-06
400 4200000 2.79726921472e-06
400 4400000 2.53705812498e-06
400 4600000 2.08168871793e-06
400 4800000 2.2117942628e-06
400 5000000 1.56126653845e-06
400 5200000 9.7579158653e-07
400 5400000 9.10738814094e-07
400 5600000 3.25263862177e-07
400 5800000 1.95158317306e-07
400 6000000 1.30105544871e-07
400 6200000 1.30105544871e-07
400 6400000 6.50527724353e-08
600 400000 1.95158317306e-07
600 600000 6.50527724353e-07
600 800000 2.60211089741e-07
600 1000000 2.60211089741e-07
600 1200000 1.95158317306e-07
600 1400000 3.25263862177e-07
600 1600000 3.90316634612e-07
600 1800000 3.25263862177e-07
600 2000000 3.25263862177e-07
600 2200000 8.45686041659e-07
600 2400000 1.04084435897e-06
600 2600000 7.80633269224e-07
600 2800000 6.50527724353e-07
600 3000000 9.10738814094e-07
600 3200000 7.80633269224e-07
600 3400000 1.23600267627e-06
600 3600000 5.20422179483e-07
600 3800000 7.80633269224e-07
600 4000000 7.48106883006e-06
600 4200000 1.67836152883e-05
600 4400000 6.6353827884e-06
600 4600000 7.80633269224e-07
600 4800000 9.10738814094e-07
600 5000000 1.36610822114e-06
600 5200000 1.49621376601e-06
600 5400000 1.56126653845e-06
600 5600000 1.95158317306e-06
600 5800000 1.04084435897e-06
600 6000000 1.36610822114e-06
600 6200000 1.88653040062e-06
600 6400000 1.04084435897e-06
600 6600000 1.04084435897e-06
600 6800000 9.10738814094e-07
600 7000000 3.90316634612e-07
600 7200000 5.20422179483e-07
600 7400000 3.25263862177e-07
600 7600000 3.25263862177e-07
600 7800000 1.30105544871e-07
600 8000000 1.30105544871e-07
600 8200000 1.30105544871e-07
800 200000 6.50527724353e-08
800 600000 1.30105544871e-07
800 800000 1.30105544871e-07
800 1000000 2.60211089741e-07
800 1200000 6.50527724353e-08
800 1400000 1.30105544871e-07
800 1600000 1.30105544871e-07
800 1800000 1.30105544871e-07
800 2000000 1.95158317306e-07
800 2200000 2.60211089741e-07
800 2400000 3.90316634612e-07
800 2600000 3.90316634612e-07
800 2800000 1.95158317306e-07
800 3000000 8.45686041659e-07
800 3200000 8.45686041659e-07
800 3400000 7.80633269224e-07
800 3600000 7.80633269224e-07
800 3800000 5.20422179483e-07
800 4000000 3.25263862177e-07
800 4200000 3.25263862177e-07
800 4400000 3.90316634612e-07
800 4600000 2.60211089741e-07
800 4800000 1.95158317306e-07
800 5000000 2.60211089741e-07
800 5200000 3.90316634612e-07
800 5400000 2.60211089741e-07
800 5600000 5.20422179483e-07
800 5800000 6.50527724353e-07
800 6000000 7.15580496789e-07
800 6200000 5.20422179483e-07
800 6400000 3.25263862177e-07
800 6600000 3.25263862177e-07
800 6800000 7.15580496789e-07
800 7000000 5.20422179483e-07
800 7200000 6.50527724353e-07
800 7400000 6.50527724353e-07
800 7600000 9.7579158653e-07
800 7800000 9.10738814094e-07
800 8000000 1.30105544871e-06
800 8200000 3.90316634612e-07
800 8400000 5.85474951918e-07
800 8600000 5.85474951918e-07
800 8800000 5.20422179483e-07
800 9000000 5.85474951918e-07
800 9200000 7.80633269224e-07
800 9400000 3.25263862177e-07
800 9600000 1.30105544871e-07
800 9800000 2.60211089741e-07
800 10000000 6.50527724353e-08
800 10400000 6.50527724353e-08
1000 600000 6.50527724353e-08
1000 800000 1.30105544871e-07
1000 1000000 6.50527724353e-08
1000 1200000 1.30105544871e-07
1000 1400000 1.30105544871e-07
1000 1600000 6.50527724353e-08
1000 1800000 1.30105544871e-07
1000 2000000 2.60211089741e-07
1000 2600000 1.30105544871e-07
1000 2800000 1.95158317306e-07
1000 3000000 1.30105544871e-07
1000 3200000 1.30105544871e-07
1000 3400000 1.95158317306e-07
1000 3600000 2.60211089741e-07
1000 3800000 1.30105544871e-07
1000 4000000 3.90316634612e-07
1000 4200000 3.90316634612e-07
1000 4400000 3.90316634612e-07
1000 4600000 5.85474951918e-07
1000 4800000 6.50527724353e-07
1000 5000000 2.60211089741e-07
1000 5200000 6.50527724353e-08
1000 5400000 1.95158317306e-07
1000 5600000 3.25263862177e-07
1000 5800000 1.30105544871e-07
1000 6000000 6.50527724353e-08
1000 6200000 3.25263862177e-07
1000 6400000 6.50527724353e-08
1000 6600000 1.95158317306e-07
1000 6800000 3.90316634612e-07
1000 7000000 2.60211089741e-07
1000 7200000 2.60211089741e-07
1000 7400000 3.90316634612e-07
1000 7600000 2.60211089741e-07
1000 7800000 1.95158317306e-07
1000 8000000 5.20422179483e-07
1000 8200000 3.25263862177e-07
1000 8400000 3.25263862177e-07
1000 8600000 2.60211089741e-07
1000 8800000 7.80633269224e-07
1000 9000000 3.90316634612e-07
1000 9200000 3.90316634612e-07
1000 9400000 3.25263862177e-07
1000 9600000 6.50527724353e-07
1000 9800000 6.50527724353e-07
1000 10000000 5.85474951918e-07
1000 10200000 2.60211089741e-07
1000 10400000 5.20422179483e-07
1000 10600000 1.95158317306e-07
1000 10800000 2.60211089741e-07
1000 11000000 3.25263862177e-07
1000 11200000 6.50527724353e-08
1000 11400000 2.60211089741e-07
1000 11600000 1.30105544871e-07
1000 12000000 6.50527724353e-08
1000 12200000 6.50527724353e-08
1000 12400000 6.50527724353e-08
1000 12600000 6.50527724353e-08
1200 1000000 6.50527724353e-08
1200 1200000 6.50527724353e-08
1200 1400000 6.50527724353e-08
1200 1600000 6.50527724353e-08
1200 1800000 1.95158317306e-07
1200 2000000 1.95158317306e-07
1200 2200000 6.50527724353e-08
1200 2600000 1.30105544871e-07
1200 2800000 6.50527724353e-08
1200 3000000 6.50527724353e-08
1200 3200000 3.90316634612e-07
1200 3400000 1.30105544871e-07
1200 3600000 6.50527724353e-08
1200 3800000 1.30105544871e-07
1200 4000000 1.95158317306e-07
1200 4200000 1.95158317306e-07
1200 4400000 1.30105544871e-07
1200 4600000 6.50527724353e-08
1200 4800000 2.60211089741e-07
1200 5000000 1.30105544871e-07
1200 5200000 2.60211089741e-07
1200 5400000 3.90316634612e-07
1200 5600000 1.30105544871e-07
1200 5800000 1.30105544871e-07
1200 6000000 6.50527724353e-08
1200 6200000 1.95158317306e-07
1200 6400000 1.30105544871e-07
1200 6800000 1.95158317306e-07
1200 7200000 6.50527724353e-08
1200 7400000 1.95158317306e-07
1200 7600000 1.30105544871e-07
1200 7800000 1.95158317306e-07
1200 8000000 1.30105544871e-07
1200 8200000 2.60211089741e-07
1200 8400000 1.30105544871e-07
1200 8600000 1.95158317306e-07
1200 8800000 3.25263862177e-07
1200 9000000 4.55369407047e-07
1200 9200000 2.60211089741e-07
1200 9400000 3.25263862177e-07
1200 9600000 1.30105544871e-07
1200 9800000 5.20422179483e-07
1200 10000000 3.25263862177e-07
1200 10200000 4.55369407047e-07
1200 10400000 2.60211089741e-07
1200 10600000 5.20422179483e-07
1200 10800000 3.90316634612e-07
1200 11000000 2.60211089741e-07
1200 11200000 1.95158317306e-07
1200 11400000 1.95158317306e-07
1200 11600000 3.25263862177e-07
1200 11800000 1.95158317306e-07
1200 12000000 2.60211089741e-07
1200 12200000 6.50527724353e-08
1200 12400000 1.95158317306e-07
1200 12800000 2.60211089741e-07
1200 13000000 1.95158317306e-07
1200 13200000 6.50527724353e-08
1200 13400000 6.50527724353e-08
1200 13800000 6.50527724353e-08
1200 15200000 6.50527724353e-08
1400 1200000 6.50527724353e-08
1400 1400000 1.30105544871e-07
1400 1800000 1.30105544871e-07
1400 2200000 1.30105544871e-07
1400 2400000 6.50527724353e-08
1400 2600000 6.50527724353e-08
1400 3200000 1.30105544871e-07
1400 3400000 6.50527724353e-08
1400 3600000 1.30105544871e-07
1400 3800000 6.50527724353e-08
1400 4000000 6.50527724353e-08
1400 4400000 6.50527724353e-08
1400 4600000 3.25263862177e-07
1400 4800000 6.50527724353e-08
1400 5400000 1.30105544871e-07
1400 5600000 6.50527724353e-08
1400 5800000 3.25263862177e-07
1400 6000000 1.30105544871e-07
1400 6200000 3.25263862177e-07
1400 6400000 1.95158317306e-07
1400 6600000 1.30105544871e-07
1400 6800000 1.95158317306e-07
1400 7000000 6.50527724353e-08
1400 7200000 1.95158317306e-07
1400 7400000 1.30105544871e-07
1400 7600000 1.30105544871e-07
1400 7800000 6.50527724353e-08
1400 8200000 6.50527724353e-08
1400 8400000 6.50527724353e-08
1400 8600000 6.50527724353e-08
1400 8800000 1.30105544871e-07
1400 9000000 1.30105544871e-07
1400 9200000 1.95158317306e-07
1400 9400000 1.30105544871e-07
1400 9600000 2.60211089741e-07
1400 10000000 1.30105544871e-07
1400 10200000 1.95158317306e-07
1400 10400000 4.55369407047e-07
1400 10600000 1.30105544871e-07
1400 10800000 1.30105544871e-07
1400 11000000 1.30105544871e-07
1400 11200000 2.60211089741e-07
1400 11400000 6.50527724353e-08
1400 11600000 1.95158317306e-07
1400 11800000 1.30105544871e-07
1400 12000000 3.90316634612e-07
1400 12200000 3.25263862177e-07
1400 12400000 2.60211089741e-07
1400 12600000 4.55369407047e-07
1400 12800000 3.25263862177e-07
1400 13000000 4.55369407047e-07
1400 13200000 3.25263862177e-07
1400 13400000 1.30105544871e-07
1400 13600000 1.95158317306e-07
1400 13800000 1.95158317306e-07
1400 14000000 2.60211089741e-07
1400 14200000 3.90316634612e-07
1400 14400000 2.60211089741e-07
1400 14600000 6.50527724353e-08
1400 15000000 6.50527724353e-08
1400 15200000 4.55369407047e-07
1400 15400000 1.95158317306e-07
1400 15600000 1.30105544871e-07
1400 15800000 1.30105544871e-07
1400 16000000 6.50527724353e-08
1400 16200000 6.50527724353e-08
1400 16600000 6.50527724353e-08
1600 800000 6.50527724353e-08
1600 1600000 1.30105544871e-07
1600 2000000 2.60211089741e-07
1600 2200000 1.95158317306e-07
1600 2400000 6.50527724353e-08
1600 3600000 1.30105544871e-07
1600 3800000 6.50527724353e-08
1600 4200000 6.50527724353e-08
1600 4400000 6.50527724353e-08
1600 4800000 6.50527724353e-08
1600 5000000 2.60211089741e-07
1600 5200000 2.60211089741e-07
1600 5400000 1.95158317306e-07
1600 5800000 1.30105544871e-07
1600 6400000 6.50527724353e-08
1600 6600000 2.60211089741e-07
1600 6800000 6.50527724353e-08
1600 7000000 1.30105544871e-07
1600 7200000 1.95158317306e-07
1600 7600000 6.50527724353e-08
1600 7800000 2.60211089741e-07
1600 8200000 1.95158317306e-07
1600 8400000 6.50527724353e-08
1600 8600000 1.30105544871e-07
1600 8800000 6.50527724353e-08
1600 9000000 6.50527724353e-08
1600 9200000 1.30105544871e-07
1600 9800000 6.50527724353e-08
1600 10200000 1.95158317306e-07
1600 10400000 1.95158317306e-07
1600 10600000 1.30105544871e-07
1600 10800000 6.50527724353e-08
1600 11000000 1.95158317306e-07
1600 11200000 3.90316634612e-07
1600 11400000 6.50527724353e-08
1600 11600000 2.60211089741e-07
1600 11800000 1.95158317306e-07
1600 12000000 3.25263862177e-07
1600 12200000 1.30105544871e-07
1600 12600000 1.95158317306e-07
1600 12800000 6.50527724353e-08
1600 13200000 1.30105544871e-07
1600 13400000 6.50527724353e-08
1600 13600000 6.50527724353e-08
1600 13800000 2.60211089741e-07
1600 14000000 2.60211089741e-07
1600 14200000 4.55369407047e-07
1600 14400000 2.60211089741e-07
1600 14600000 2.60211089741e-07
1600 14800000 3.90316634612e-07
1600 15000000 6.50527724353e-08
1600 15200000 1.30105544871e-07
1600 15400000 3.25263862177e-07
1600 15600000 1.30105544871e-07
1600 16000000 1.95158317306e-07
1600 16200000 3.25263862177e-07
1600 16400000 1.30105544871e-07
1600 16600000 1.30105544871e-07
1600 17400000 6.50527724353e-08
1600 17600000 6.50527724353e-08
1800 1800000 6.50527724353e-08
1800 2000000 1.30105544871e-07
1800 2200000 6.50527724353e-08
1800 2400000 3.25263862177e-07
1800 3000000 6.50527724353e-08
1800 3800000 1.30105544871e-07
1800 4000000 6.50527724353e-08
1800 4400000 1.30105544871e-07
1800 4600000 6.50527724353e-08
1800 5000000 6.50527724353e-08
1800 5400000 1.95158317306e-07
1800 5800000 1.95158317306e-07
1800 6200000 6.50527724353e-08
1800 6600000 6.50527724353e-08
1800 6800000 3.25263862177e-07
1800 7000000 2.60211089741e-07
1800 7400000 6.50527724353e-08
1800 7600000 1.30105544871e-07
1800 7800000 1.95158317306e-07
1800 8000000 1.95158317306e-07
1800 8200000 2.60211089741e-07
1800 8400000 1.30105544871e-07
1800 8600000 6.50527724353e-08
1800 8800000 1.30105544871e-07
1800 9000000 1.95158317306e-07
1800 9200000 6.50527724353e-08
1800 10200000 1.30105544871e-07
1800 11400000 6.50527724353e-08
1800 11800000 1.30105544871e-07
1800 12000000 1.30105544871e-07
1800 12400000 6.50527724353e-08
1800 12600000 6.50527724353e-08
1800 12800000 6.50527724353e-08
1800 13000000 1.95158317306e-07
1800 13200000 1.95158317306e-07
1800 13400000 6.50527724353e-08
1800 14000000 2.60211089741e-07
1800 14400000 6.50527724353e-08
1800 14600000 6.50527724353e-08
1800 14800000 6.50527724353e-08
1800 15000000 1.95158317306e-07
1800 15200000 6.50527724353e-08
1800 15600000 2.60211089741e-07
1800 15800000 6.50527724353e-08
1800 16000000 6.50527724353e-08
1800 16600000 1.95158317306e-07
1800 16800000 2.60211089741e-07
1800 17400000 6.50527724353e-08
1800 17600000 3.25263862177e-07
1800 17800000 6.50527724353e-08
1800 18000000 1.95158317306e-07
1800 18200000 1.30105544871e-07
1800 18400000 6.50527724353e-08
1800 18800000 1.95158317306e-07
1800 19200000 1.95158317306e-07
1800 19400000 6.50527724353e-08
1800 20400000 6.50527724353e-08
2000 1400000 1.30105544871e-07
2000 1600000 6.50527724353e-08
2000 2200000 6.50527724353e-08
2000 2400000 6.50527724353e-08
2000 2600000 6.50527724353e-08
2000 2800000 6.50527724353e-08
2000 3200000 6.50527724353e-08
2000 4600000 1.30105544871e-07
2000 4800000 6.50527724353e-08
2000 5600000 2.60211089741e-07
2000 5800000 1.95158317306e-07
2000 6400000 6.50527724353e-08
2000 6600000 6.50527724353e-08
2000 7000000 6.50527724353e-08
2000 7400000 1.30105544871e-07
2000 7600000 6.50527724353e-08
2000 7800000 6.50527724353e-08
2000 8200000 1.30105544871e-07
2000 8400000 6.50527724353e-08
2000 8800000 1.30105544871e-07
2000 9000000 6.50527724353e-08
2000 9200000 6.50527724353e-08
2000 9400000 6.50527724353e-08
2000 9600000 6.50527724353e-08
2000 9800000 6.50527724353e-08
2000 10000000 1.30105544871e-07
2000 10400000 6.50527724353e-08
2000 10800000 1.95158317306e-07
2000 11000000 6.50527724353e-08
2000 11200000 1.95158317306e-07
2000 12400000 6.50527724353e-08
2000 12600000 1.30105544871e-07
2000 13000000 6.50527724353e-08
2000 13400000 1.30105544871e-07
2000 13600000 6.50527724353e-08
2000 14000000 1.30105544871e-07
2000 14200000 2.60211089741e-07
2000 14400000 6.50527724353e-08
2000 14600000 1.95158317306e-07
2000 14800000 6.50527724353e-08
2000 15000000 3.25263862177e-07
2000 15800000 6.50527724353e-08
2000 16000000 6.50527724353e-08
2000 16400000 2.60211089741e-07
2000 16600000 1.95158317306e-07
2000 16800000 6.50527724353e-08
2000 17000000 1.30105544871e-07
2000 17200000 1.30105544871e-07
2000 17800000 6.50527724353e-08
2000 18200000 6.50527724353e-08
2000 18600000 6.50527724353e-08
2000 18800000 6.50527724353e-08
2000 19400000 1.95158317306e-07
2000 19600000 1.95158317306e-07
2000 20000000 6.50527724353e-08
2000 20600000 6.50527724353e-08
2000 20800000 6.50527724353e-08
2000 21400000 6.50527724353e-08
2000 21800000 6.50527724353e-08
2000 22200000 6.50527724353e-08
2200 2400000 6.50527724353e-08
2200 2600000 1.30105544871e-07
2200 4600000 3.25263862177e-07
2200 5400000 6.50527724353e-08
2200 5600000 6.50527724353e-08
2200 5800000 6.50527724353e-08
2200 6600000 6.50527724353e-08
2200 7600000 1.30105544871e-07
2200 7800000 6.50527724353e-08
2200 8000000 6.50527724353e-08
2200 8200000 6.50527724353e-08
2200 8400000 2.60211089741e-07
2200 8600000 6.50527724353e-08
2200 8800000 6.50527724353e-08
2200 9000000 6.50527724353e-08
2200 9800000 1.30105544871e-07
2200 10000000 1.30105544871e-07
2200 10200000 6.50527724353e-08
2200 10400000 6.50527724353e-08
2200 10600000 1.95158317306e-07
2200 12200000 6.50527724353e-08
2200 12600000 6.50527724353e-08
2200 13000000 6.50527724353e-08
2200 13600000 6.50527724353e-08
2200 13800000 6.50527724353e-08
2200 14400000 1.95158317306e-07
2200 14600000 3.25263862177e-07
2200 14800000 6.50527724353e-08
2200 15200000 6.50527724353e-08
2200 15400000 1.30105544871e-07
2200 15600000 1.30105544871e-07
2200 16400000 6.50527724353e-08
2200 16600000 6.50527724353e-08
2200 17000000 1.30105544871e-07
2200 17800000 1.95158317306e-07
2200 18200000 1.30105544871e-07
2200 18400000 1.95158317306e-07
2200 19000000 6.50527724353e-08
2200 19200000 6.50527724353e-08
2200 19400000 1.30105544871e-07
2200 19600000 6.50527724353e-08
2200 19800000 6.50527724353e-08
2200 20200000 3.25263862177e-07
2200 20400000 1.95158317306e-07
2200 20600000 6.50527724353e-08
2200 20800000 1.95158317306e-07
2200 21000000 1.95158317306e-07
2200 21400000 1.30105544871e-07
2200 21800000 6.50527724353e-08
2200 22000000 6.50527724353e-08
2200 23400000 1.30105544871e-07
2200 24200000 1.30105544871e-07
2400 1600000 6.50527724353e-08
2400 3000000 1.30105544871e-07
2400 3200000 6.50527724353e-08
2400 4600000 6.50527724353e-08
2400 5400000 1.30105544871e-07
2400 5600000 6.50527724353e-08
2400 7000000 6.50527724353e-08
2400 7200000 1.30105544871e-07
2400 7800000 6.50527724353e-08
2400 8800000 6.50527724353e-08
2400 9000000 6.50527724353e-08
2400 9200000 6.50527724353e-08
2400 9400000 6.50527724353e-08
2400 9800000 1.30105544871e-07
2400 10200000 1.30105544871e-07
2400 10600000 6.50527724353e-08
2400 10800000 2.60211089741e-07
2400 11000000 1.30105544871e-07
2400 11400000 6.50527724353e-08
2400 12400000 6.50527724353e-08
2400 12800000 6.50527724353e-08
2400 13000000 6.50527724353e-08
2400 13800000 6.50527724353e-08
2400 15000000 6.50527724353e-08
2400 15200000 6.50527724353e-08
2400 15800000 6.50527724353e-08
2400 16000000 6.50527724353e-08
2400 16200000 1.30105544871e-07
2400 16400000 6.50527724353e-08
2400 16600000 6.50527724353e-08
2400 16800000 1.30105544871e-07
2400 17200000 1.30105544871e-07
2400 18600000 6.50527724353e-08
2400 19000000 6.50527724353e-08
2400 19200000 6.50527724353e-08
2400 19800000 6.50527724353e-08
2400 20000000 1.95158317306e-07
2400 20200000 6.50527724353e-08
2400 21000000 1.30105544871e-07
2400 21200000 6.50527724353e-08
2400 21400000 6.50527724353e-08
2400 21600000 6.50527724353e-08
2400 21800000 1.30105544871e-07
2400 22000000 2.60211089741e-07
2400 22200000 1.30105544871e-07
2400 22600000 6.50527724353e-08
2400 23000000 6.50527724353e-08
2400 23800000 6.50527724353e-08
2400 24600000 6.50527724353e-08
2400 25000000 1.30105544871e-07
2400 25600000 6.50527724353e-08
2400 25800000 6.50527724353e-08
2600 1800000 6.50527724353e-08
2600 2800000 1.30105544871e-07
2600 3200000 1.30105544871e-07
2600 3400000 6.50527724353e-08
2600 4000000 2.60211089741e-07
2600 5400000 6.50527724353e-08
2600 8200000 6.50527724353e-08
2600 10200000 6.50527724353e-08
2600 10400000 6.50527724353e-08
2600 10600000 6.50527724353e-08
2600 10800000 1.30105544871e-07
2600 11000000 6.50527724353e-08
2600 11200000 3.90316634612e-07
2600 11400000 1.30105544871e-07
2600 11600000 6.50527724353e-08
2600 13200000 6.50527724353e-08
2600 15000000 6.50527724353e-08
2600 15200000 6.50527724353e-08
2600 15800000 6.50527724353e-08
2600 16800000 6.50527724353e-08
2600 17200000 1.95158317306e-07
2600 17400000 6.50527724353e-08
2600 17800000 1.30105544871e-07
2600 18200000 6.50527724353e-08
2600 20200000 6.50527724353e-08
2600 21400000 6.50527724353e-08
2600 21800000 6.50527724353e-08
2600 22400000 1.30105544871e-07
2600 22800000 6.50527724353e-08
2600 23000000 1.30105544871e-07
2600 23200000 1.30105544871e-07
2600 23800000 1.30105544871e-07
2600 24400000 1.30105544871e-07
2600 25000000 2.60211089741e-07
2600 25200000 1.30105544871e-07
2600 25800000 6.50527724353e-08
2600 26800000 1.30105544871e-07
2600 27200000 6.50527724353e-08
2600 28400000 6.50527724353e-08
2800 2600000 6.50527724353e-08
2800 3200000 2.60211089741e-07
2800 4200000 6.50527724353e-08
2800 5000000 6.50527724353e-08
2800 5600000 6.50527724353e-08
2800 5800000 6.50527724353e-08
2800 6600000 6.50527724353e-08
2800 7000000 6.50527724353e-08
2800 9600000 6.50527724353e-08
2800 10000000 1.30105544871e-07
2800 10800000 6.50527724353e-08
2800 11200000 6.50527724353e-08
2800 11400000 1.30105544871e-07
2800 11600000 1.30105544871e-07
2800 11800000 6.50527724353e-08
2800 12000000 6.50527724353e-08
2800 12400000 6.50527724353e-08
2800 12800000 6.50527724353e-08
2800 13800000 6.50527724353e-08
2800 14200000 6.50527724353e-08
2800 16400000 6.50527724353e-08
2800 17000000 6.50527724353e-08
2800 18000000 1.95158317306e-07
2800 18200000 6.50527724353e-08
2800 18800000 6.50527724353e-08
2800 19000000 6.50527724353e-08
2800 20000000 6.50527724353e-08
2800 20800000 6.50527724353e-08
2800 21000000 1.30105544871e-07
2800 21400000 6.50527724353e-08
2800 22000000 6.50527724353e-08
2800 22200000 6.50527724353e-08
2800 22400000 6.50527724353e-08
2800 22600000 6.50527724353e-08
2800 23200000 6.50527724353e-08
2800 23400000 6.50527724353e-08
2800 24200000 1.30105544871e-07
2800 24600000 1.30105544871e-07
2800 25000000 6.50527724353e-08
2800 25200000 6.50527724353e-08
2800 25400000 1.30105544871e-07
2800 25600000 1.30105544871e-07
2800 25800000 1.30105544871e-07
2800 26200000 1.95158317306e-07
2800 27000000 1.30105544871e-07
2800 29400000 6.50527724353e-08
2800 29600000 6.50527724353e-08
2800 30200000 6.50527724353e-08
2800 30400000 6.50527724353e-08
2800 31200000 6.50527724353e-08
2800 31400000 1.30105544871e-07
3000 3400000 6.50527724353e-08
3000 3600000 6.50527724353e-08
3000 3800000 6.50527724353e-08
3000 4000000 6.50527724353e-08
3000 4200000 6.50527724353e-08
3000 7400000 1.95158317306e-07
3000 10800000 6.50527724353e-08
3000 11000000 6.50527724353e-08
3000 11200000 1.30105544871e-07
3000 11800000 6.50527724353e-08
3000 12000000 6.50527724353e-08
3000 12400000 6.50527724353e-08
3000 13000000 2.60211089741e-07
3000 13200000 6.50527724353e-08
3000 13400000 6.50527724353e-08
3000 14800000 6.50527724353e-08
3000 15600000 6.50527724353e-08
3000 16000000 6.50527724353e-08
3000 17400000 1.95158317306e-07
3000 18000000 1.30105544871e-07
3000 19200000 6.50527724353e-08
3000 21000000 6.50527724353e-08
3000 21200000 6.50527724353e-08
3000 21400000 6.50527724353e-08
3000 21600000 6.50527724353e-08
3000 22000000 1.30105544871e-07
3000 22400000 6.50527724353e-08
3000 22600000 6.50527724353e-08
3000 23400000 1.95158317306e-07
3000 25000000 6.50527724353e-08
3000 26000000 1.30105544871e-07
3000 26400000 6.50527724353e-08
3000 26600000 1.95158317306e-07
3000 26800000 2.60211089741e-07
3000 27600000 1.95158317306e-07
3000 28000000 6.50527724353e-08
3000 28600000 6.50527724353e-08
3000 28800000 6.50527724353e-08
3000 29000000 6.50527724353e-08
3000 29400000 6.50527724353e-08
3000 29800000 6.50527724353e-08
3000 30600000 6.50527724353e-08
3000 31000000 6.50527724353e-08
3200 1800000 6.50527724353e-08
3200 2200000 6.50527724353e-08
3200 3200000 6.50527724353e-08
3200 3600000 6.50527724353e-08
3200 4200000 6.50527724353e-08
3200 4400000 6.50527724353e-08
3200 4800000 6.50527724353e-08
3200 8400000 6.50527724353e-08
3200 8800000 6.50527724353e-08
3200 9600000 6.50527724353e-08
3200 9800000 6.50527724353e-08
3200 11000000 1.95158317306e-07
3200 11200000 1.95158317306e-07
3200 11600000 6.50527724353e-08
3200 12200000 6.50527724353e-08
3200 12800000 6.50527724353e-08
3200 13200000 6.50527724353e-08
3200 13600000 6.50527724353e-08
3200 14200000 6.50527724353e-08
3200 15000000 6.50527724353e-08
3200 15600000 1.30105544871e-07
3200 16200000 6.50527724353e-08
3200 17000000 1.30105544871e-07
3200 17200000 1.30105544871e-07
3200 17400000 6.50527724353e-08
3200 18800000 6.50527724353e-08
3200 19400000 2.60211089741e-07
3200 21000000 6.50527724353e-08
3200 21600000 6.50527724353e-08
3200 22000000 1.30105544871e-07
3200 22400000 6.50527724353e-08
3200 22800000 6.50527724353e-08
3200 23200000 1.30105544871e-07
3200 23400000 1.95158317306e-07
3200 26800000 1.30105544871e-07
3200 27400000 6.50527724353e-08
3200 27600000 6.50527724353e-08
3200 27800000 1.95158317306e-07
3200 28600000 1.30105544871e-07
3200 28800000 1.95158317306e-07
3200 29000000 6.50527724353e-08
3200 29200000 6.50527724353e-08
3200 30400000 6.50527724353e-08
3200 30600000 6.50527724353e-08
3200 31000000 6.50527724353e-08
3200 31800000 6.50527724353e-08
3200 32000000 6.50527724353e-08
3200 33200000 6.50527724353e-08
3400 3400000 6.50527724353e-08
3400 6200000 6.50527724353e-08
3400 6600000 6.50527724353e-08
3400 9200000 6.50527724353e-08
3400 9800000 6.50527724353e-08
3400 13400000 1.30105544871e-07
3400 13800000 6.50527724353e-08
3400 14000000 6.50527724353e-08
3400 14600000 6.50527724353e-08
3400 16200000 6.50527724353e-08
3400 16400000 6.50527724353e-08
3400 17000000 6.50527724353e-08
3400 17200000 1.95158317306e-07
3400 17400000 1.30105544871e-07
3400 17800000 6.50527724353e-08
3400 22200000 6.50527724353e-08
3400 24400000 1.30105544871e-07
3400 25000000 6.50527724353e-08
3400 25200000 6.50527724353e-08
3400 25400000 6.50527724353e-08
3400 28200000 6.50527724353e-08
3400 28600000 6.50527724353e-08
3400 29000000 6.50527724353e-08
3400 29200000 6.50527724353e-08
3400 29400000 6.50527724353e-08
3400 29600000 6.50527724353e-08
3400 29800000 1.30105544871e-07
3400 31200000 6.50527724353e-08
3400 31800000 6.50527724353e-08
3400 32000000 6.50527724353e-08
3400 32600000 6.50527724353e-08
3400 33000000 6.50527724353e-08
3400 33200000 2.60211089741e-07
3400 33800000 1.30105544871e-07
3400 36800000 1.30105544871e-07
3600 3800000 1.30105544871e-07
3600 4400000 6.50527724353e-08
3600 4600000 1.30105544871e-07
3600 5000000 6.50527724353e-08
3600 9200000 6.50527724353e-08
3600 11600000 6.50527724353e-08
3600 11800000 6.50527724353e-08
3600 12800000 6.50527724353e-08
3600 13200000 6.50527724353e-08
3600 13800000 6.50527724353e-08
3600 14000000 1.30105544871e-07
3600 14400000 6.50527724353e-08
3600 14600000 6.50527724353e-08
3600 15200000 1.30105544871e-07
3600 15600000 6.50527724353e-08
3600 16200000 1.95158317306e-07
3600 16600000 6.50527724353e-08
3600 17000000 6.50527724353e-08
3600 17200000 6.50527724353e-08
3600 20000000 6.50527724353e-08
3600 24400000 6.50527724353e-08
3600 25200000 6.50527724353e-08
3600 25400000 6.50527724353e-08
3600 25800000 6.50527724353e-08
3600 27200000 6.50527724353e-08
3600 27400000 6.50527724353e-08
3600 28800000 1.30105544871e-07
3600 30400000 6.50527724353e-08
3600 31000000 6.50527724353e-08
3600 31800000 6.50527724353e-08
3600 32200000 6.50527724353e-08
3600 32400000 1.30105544871e-07
3600 32600000 6.50527724353e-08
3600 33000000 6.50527724353e-08
3600 33200000 6.50527724353e-08
3600 34200000 6.50527724353e-08
3600 34400000 6.50527724353e-08
3600 34800000 6.50527724353e-08
3600 35600000 6.50527724353e-08
3800 7200000 6.50527724353e-08
3800 8000000 6.50527724353e-08
3800 9400000 6.50527724353e-08
3800 12400000 6.50527724353e-08
3800 12800000 6.50527724353e-08
3800 13000000 6.50527724353e-08
3800 13200000 1.30105544871e-07
3800 14200000 6.50527724353e-08
3800 15000000 6.50527724353e-08
3800 16000000 6.50527724353e-08
3800 16200000 6.50527724353e-08
3800 17800000 6.50527724353e-08
3800 18200000 6.50527724353e-08
3800 19800000 6.50527724353e-08
3800 26400000 6.50527724353e-08
3800 26800000 1.30105544871e-07
3800 27000000 6.50527724353e-08
3800 27200000 6.50527724353e-08
3800 27600000 6.50527724353e-08
3800 28800000 6.50527724353e-08
3800 29200000 1.30105544871e-07
3800 30200000 6.50527724353e-08
3800 30400000 1.30105544871e-07
3800 31000000 6.50527724353e-08
3800 31200000 6.50527724353e-08
3800 31600000 6.50527724353e-08
3800 32200000 1.30105544871e-07
3800 32400000 6.50527724353e-08
3800 32600000 1.30105544871e-07
3800 33200000 1.30105544871e-07
3800 33600000 6.50527724353e-08
3800 33800000 6.50527724353e-08
3800 34000000 6.50527724353e-08
3800 34800000 1.95158317306e-07
3800 36400000 6.50527724353e-08
3800 36800000 6.50527724353e-08
3800 39000000 6.50527724353e-08
3800 39800000 6.50527724353e-08
4000 5000000 6.50527724353e-08
4000 5200000 1.30105544871e-07
4000 7600000 1.30105544871e-07
4000 11200000 6.50527724353e-08
4000 11800000 6.50527724353e-08
4000 14400000 6.50527724353e-08
4000 15600000 6.50527724353e-08
4000 16000000 6.50527724353e-08
4000 16200000 2.60211089741e-07
4000 16400000 6.50527724353e-08
4000 17600000 6.50527724353e-08
4000 18000000 1.30105544871e-07
4000 18800000 6.50527724353e-08
4000 19600000 6.50527724353e-08
4000 20200000 6.50527724353e-08
4000 23600000 6.50527724353e-08
4000 24400000 6.50527724353e-08
4000 25800000 2.60211089741e-07
4000 27200000 6.50527724353e-08
4000 27800000 6.50527724353e-08
4000 28400000 6.50527724353e-08
4000 29600000 1.30105544871e-07
4000 32800000 1.30105544871e-07
4000 36000000 6.50527724353e-08
4000 36600000 6.50527724353e-08
4000 37000000 6.50527724353e-08
4000 37200000 6.50527724353e-08
4000 37800000 1.30105544871e-07
4000 39000000 6.50527724353e-08
4000 39200000 6.50527724353e-08
4000 41800000 6.50527724353e-08
4000 42000000 6.50527724353e-08
4000 42800000 6.50527724353e-08
4000 43400000 6.50527724353e-08
4200 5000000 1.30105544871e-07
4200 5200000 6.50527724353e-08
4200 5400000 6.50527724353e-08
4200 6800000 6.50527724353e-08
4200 12400000 6.50527724353e-08
4200 13800000 6.50527724353e-08
4200 14200000 6.50527724353e-08
4200 17600000 6.50527724353e-08
4200 18200000 6.50527724353e-08
4200 18400000 6.50527724353e-08
4200 19600000 1.30105544871e-07
4200 25000000 6.50527724353e-08
4200 25600000 6.50527724353e-08
4200 26800000 6.50527724353e-08
4200 27800000 6.50527724353e-08
4200 28200000 6.50527724353e-08
4200 28400000 6.50527724353e-08
4200 28800000 6.50527724353e-08
4200 29600000 6.50527724353e-08
4200 30000000 1.95158317306e-07
4200 30400000 6.50527724353e-08
4200 31600000 6.50527724353e-08
4200 31800000 6.50527724353e-08
4200 32600000 6.50527724353e-08
4200 34600000 6.50527724353e-08
4200 35000000 6.50527724353e-08
4200 36800000 1.95158317306e-07
4200 37400000 6.50527724353e-08
4200 38400000 6.50527724353e-08
4200 39400000 6.50527724353e-08
4200 40200000 1.30105544871e-07
4400 1800000 6.50527724353e-08
4400 5800000 6.50527724353e-08
4400 6000000 6.50527724353e-08
4400 9600000 6.50527724353e-08
4400 9800000 1.30105544871e-07
4400 11400000 6.50527724353e-08
4400 12000000 6.50527724353e-08
4400 16400000 6.50527724353e-08
4400 16800000 6.50527724353e-08
4400 17600000 6.50527724353e-08
4400 18000000 6.50527724353e-08
4400 18600000 6.50527724353e-08
4400 21200000 1.30105544871e-07
4400 21600000 6.50527724353e-08
4400 26000000 6.50527724353e-08
4400 28200000 6.50527724353e-08
4400 28800000 1.30105544871e-07
4400 29800000 6.50527724353e-08
4400 30200000 6.50527724353e-08
4400 31200000 1.30105544871e-07
4400 31600000 6.50527724353e-08
4400 32400000 6.50527724353e-08
4400 33800000 6.50527724353e-08
4400 35800000 6.50527724353e-08
4400 37200000 6.50527724353e-08
4400 38600000 6.50527724353e-08
4400 38800000 6.50527724353e-08
4400 39800000 1.30105544871e-07
4400 41800000 6.50527724353e-08
4400 44400000 6.50527724353e-08
4400 46800000 1.95158317306e-07
4600 5400000 6.50527724353e-08
4600 6200000 6.50527724353e-08
4600 7800000 6.50527724353e-08
4600 11200000 6.50527724353e-08
4600 13000000 6.50527724353e-08
4600 14800000 6.50527724353e-08
4600 15000000 6.50527724353e-08
4600 17200000 6.50527724353e-08
4600 17800000 6.50527724353e-08
4600 21600000 6.50527724353e-08
4600 30800000 6.50527724353e-08
4600 31000000 1.30105544871e-07
4600 31600000 6.50527724353e-08
4600 32600000 6.50527724353e-08
4600 34200000 6.50527724353e-08
4600 34400000 1.30105544871e-07
4600 34600000 1.30105544871e-07
4600 35200000 6.50527724353e-08
4600 38000000 6.50527724353e-08
4600 39600000 6.50527724353e-08
4600 42400000 1.30105544871e-07
4600 43200000 6.50527724353e-08
4600 43800000 6.50527724353e-08
4600 47200000 6.50527724353e-08
4600 48400000 6.50527724353e-08
4800 3400000 6.50527724353e-08
4800 3600000 6.50527724353e-08
4800 4200000 6.50527724353e-08
4800 4800000 6.50527724353e-08
4800 5800000 6.50527724353e-08
4800 6400000 1.30105544871e-07
4800 8000000 1.30105544871e-07
4800 9800000 6.50527724353e-08
4800 10400000 6.50527724353e-08
4800 11000000 6.50527724353e-08
4800 11600000 6.50527724353e-08
4800 13400000 1.95158317306e-07
4800 17200000 6.50527724353e-08
4800 19200000 6.50527724353e-08
4800 19400000 1.95158317306e-07
4800 23200000 6.50527724353e-08
4800 26200000 6.50527724353e-08
4800 26600000 6.50527724353e-08
4800 28400000 6.50527724353e-08
4800 32200000 6.50527724353e-08
4800 34000000 1.30105544871e-07
4800 34800000 1.30105544871e-07
4800 35600000 6.50527724353e-08
4800 36000000 6.50527724353e-08
4800 40000000 6.50527724353e-08
4800 41000000 6.50527724353e-08
4800 41200000 6.50527724353e-08
4800 41800000 6.50527724353e-08
4800 42200000 6.50527724353e-08
4800 43200000 6.50527724353e-08
4800 44200000 6.50527724353e-08
4800 45000000 6.50527724353e-08
4800 45200000 6.50527724353e-08
4800 45400000 6.50527724353e-08
4800 45600000 6.50527724353e-08
4800 50600000 6.50527724353e-08
5000 6600000 6.50527724353e-08
5000 16800000 6.50527724353e-08
5000 17800000 1.30105544871e-07
5000 18000000 6.50527724353e-08
5000 18400000 6.50527724353e-08
5000 21000000 6.50527724353e-08
5000 30000000 6.50527724353e-08
5000 36800000 6.50527724353e-08
5000 37200000 6.50527724353e-08
5000 37800000 6.50527724353e-08
5000 40800000 1.30105544871e-07
5000 42600000 6.50527724353e-08
5000 43600000 6.50527724353e-08
5000 45200000 6.50527724353e-08
5000 46000000 1.30105544871e-07
5000 46400000 6.50527724353e-08
5200 5400000 6.50527724353e-08
5200 5800000 1.30105544871e-07
5200 11600000 6.50527724353e-08
5200 18000000 1.30105544871e-07
5200 18400000 1.30105544871e-07
5200 18800000 6.50527724353e-08
5200 19200000 1.30105544871e-07
5200 21800000 1.95158317306e-07
5200 22600000 6.50527724353e-08
5200 24400000 6.50527724353e-08
5200 28000000 6.50527724353e-08
5200 36200000 6.50527724353e-08
5200 36600000 6.50527724353e-08
5200 38000000 6.50527724353e-08
5200 42600000 6.50527724353e-08
5200 42800000 6.50527724353e-08
5200 47800000 6.50527724353e-08
5200 48800000 6.50527724353e-08
5200 53800000 1.30105544871e-07
5400 6000000 2.60211089741e-07
5400 6200000 1.95158317306e-07
5400 6400000 6.50527724353e-08
5400 7200000 6.50527724353e-08
5400 11000000 6.50527724353e-08
5400 11200000 6.50527724353e-08
5400 11600000 6.50527724353e-08
5400 19600000 6.50527724353e-08
5400 27000000 6.50527724353e-08
5400 31400000 6.50527724353e-08
5400 36600000 6.50527724353e-08
5400 38400000 6.50527724353e-08
5400 38600000 1.30105544871e-07
5400 40000000 6.50527724353e-08
5400 40800000 6.50527724353e-08
5400 46200000 6.50527724353e-08
5400 48600000 6.50527724353e-08
5400 50600000 6.50527724353e-08
5400 55800000 6.50527724353e-08
5600 5800000 6.50527724353e-08
5600 10400000 1.95158317306e-07
5600 10600000 6.50527724353e-08
5600 18600000 6.50527724353e-08
5600 19400000 6.50527724353e-08
5600 21000000 6.50527724353e-08
5600 22200000 6.50527724353e-08
5600 28200000 6.50527724353e-08
5600 33200000 6.50527724353e-08
5600 37200000 6.50527724353e-08
5600 37400000 6.50527724353e-08
5600 38200000 1.95158317306e-07
5600 38400000 6.50527724353e-08
5600 39400000 6.50527724353e-08
5600 43000000 6.50527724353e-08
5600 43800000 6.50527724353e-08
5600 44400000 6.50527724353e-08
5600 45000000 6.50527724353e-08
5600 45600000 6.50527724353e-08
5600 49400000 6.50527724353e-08
5600 52200000 6.50527724353e-08
5800 6200000 6.50527724353e-08
5800 6400000 6.50527724353e-08
5800 9200000 6.50527724353e-08
5800 9400000 6.50527724353e-08
5800 31000000 1.30105544871e-07
5800 31800000 6.50527724353e-08
5800 41000000 6.50527724353e-08
5800 53000000 1.30105544871e-07
5800 53600000 1.30105544871e-07
5800 55200000 6.50527724353e-08
5800 55400000 1.30105544871e-07
5800 59400000 6.50527724353e-08
5800 60400000 6.50527724353e-08
6000 5200000 6.50527724353e-08
6000 6600000 6.50527724353e-08
6000 7000000 6.50527724353e-08
6000 20200000 1.30105544871e-07
6000 20400000 6.50527724353e-08
6000 21200000 6.50527724353e-08
6000 24200000 6.50527724353e-08
6000 27800000 6.50527724353e-08
6000 33800000 6.50527724353e-08
6000 48400000 6.50527724353e-08
6000 49000000 1.95158317306e-07
6000 49800000 1.30105544871e-07
6000 50000000 6.50527724353e-08
6000 54200000 6.50527724353e-08
6000 55600000 6.50527724353e-08
6000 57400000 6.50527724353e-08
6200 8000000 6.50527724353e-08
6200 8200000 6.50527724353e-08
6200 15600000 6.50527724353e-08
6200 20200000 6.50527724353e-08
6200 23000000 6.50527724353e-08
6200 32200000 6.50527724353e-08
6200 33600000 6.50527724353e-08
6200 36600000 6.50527724353e-08
6200 43600000 1.30105544871e-07
6200 44000000 6.50527724353e-08
6200 45000000 6.50527724353e-08
6200 45200000 6.50527724353e-08
6200 46600000 6.50527724353e-08
6200 47400000 6.50527724353e-08
6200 48600000 6.50527724353e-08
6200 53800000 6.50527724353e-08
6200 62800000 6.50527724353e-08
6400 6000000 6.50527724353e-08
6400 6800000 1.30105544871e-07
6400 7600000 6.50527724353e-08
6400 9800000 6.50527724353e-08
6400 13600000 6.50527724353e-08
6400 14600000 6.50527724353e-08
6400 25000000 6.50527724353e-08
6400 28800000 1.30105544871e-07
6400 29200000 6.50527724353e-08
6400 39800000 6.50527724353e-08
6400 48000000 6.50527724353e-08
6400 48800000 6.50527724353e-08
6400 49000000 1.30105544871e-07
6400 49400000 6.50527724353e-08
6400 50000000 6.50527724353e-08
6400 56800000 6.50527724353e-08
6400 58400000 1.30105544871e-07
6400 59600000 6.50527724353e-08
6400 60000000 6.50527724353e-08
6400 66600000 6.50527724353e-08
6600 16800000 6.50527724353e-08
6600 21600000 6.50527724353e-08
6600 25200000 6.50527724353e-08
6600 29200000 6.50527724353e-08
6600 43400000 6.50527724353e-08
6600 44000000 6.50527724353e-08
6600 46400000 6.50527724353e-08
6600 49800000 6.50527724353e-08
6600 50600000 6.50527724353e-08
6600 56800000 1.95158317306e-07
6800 7400000 6.50527724353e-08
6800 8000000 6.50527724353e-08
6800 17400000 6.50527724353e-08
6800 18400000 6.50527724353e-08
6800 19800000 6.50527724353e-08
6800 22800000 6.50527724353e-08
6800 24000000 6.50527724353e-08
6800 24600000 6.50527724353e-08
6800 27200000 6.50527724353e-08
6800 30600000 6.50527724353e-08
6800 42600000 6.50527724353e-08
6800 47400000 1.30105544871e-07
6800 48400000 6.50527724353e-08
7000 8800000 1.30105544871e-07
7000 13400000 6.50527724353e-08
7000 22400000 6.50527724353e-08
7000 26400000 6.50527724353e-08
7000 46000000 6.50527724353e-08
7000 46800000 6.50527724353e-08
7000 49000000 6.50527724353e-08
7000 53000000 1.30105544871e-07
7000 57800000 6.50527724353e-08
7000 59000000 1.95158317306e-07
7000 59600000 6.50527724353e-08
7000 64000000 6.50527724353e-08
7000 71800000 6.50527724353e-08
7000 72800000 6.50527724353e-08
7200 4800000 6.50527724353e-08
7200 6600000 6.50527724353e-08
7200 11000000 6.50527724353e-08
7200 16600000 6.50527724353e-08
7200 23200000 6.50527724353e-08
7200 25400000 6.50527724353e-08
7200 25600000 6.50527724353e-08
7200 28800000 6.50527724353e-08
7200 29200000 6.50527724353e-08
7200 42800000 6.50527724353e-08
7200 43400000 6.50527724353e-08
7200 46400000 1.30105544871e-07
7200 47600000 6.50527724353e-08
7200 47800000 6.50527724353e-08
7200 48200000 6.50527724353e-08
7200 50800000 6.50527724353e-08
7200 51400000 6.50527724353e-08
7200 52000000 2.60211089741e-07
7200 52200000 6.50527724353e-08
7200 53800000 6.50527724353e-08
7200 64200000 6.50527724353e-08
7200 65400000 6.50527724353e-08
7400 4200000 6.50527724353e-08
7400 16600000 6.50527724353e-08
7400 22800000 6.50527724353e-08
7400 24200000 6.50527724353e-08
7400 27400000 6.50527724353e-08
7400 30400000 6.50527724353e-08
7400 42400000 6.50527724353e-08
7400 48000000 6.50527724353e-08
7400 55600000 6.50527724353e-08
7400 57000000 6.50527724353e-08
7400 63400000 6.50527724353e-08
7400 66800000 1.30105544871e-07
7400 68800000 6.50527724353e-08
7600 20600000 6.50527724353e-08
7600 24200000 6.50527724353e-08
7600 31200000 6.50527724353e-08
7600 31400000 1.30105544871e-07
7600 34600000 6.50527724353e-08
7600 53600000 1.95158317306e-07
7600 55600000 6.50527724353e-08
7600 56600000 6.50527724353e-08
7600 57600000 1.30105544871e-07
7600 61800000 1.30105544871e-07
7600 65000000 6.50527724353e-08
7600 66600000 1.95158317306e-07
7600 68600000 1.30105544871e-07
7600 70400000 6.50527724353e-08
7800 21000000 6.50527724353e-08
7800 21200000 1.95158317306e-07
7800 23600000 6.50527724353e-08
7800 31400000 6.50527724353e-08
7800 33400000 6.50527724353e-08
7800 34800000 6.50527724353e-08
7800 36800000 6.50527724353e-08
7800 44400000 6.50527724353e-08
7800 45600000 6.50527724353e-08
7800 48400000 6.50527724353e-08
7800 51400000 6.50527724353e-08
7800 55400000 6.50527724353e-08
7800 57800000 6.50527724353e-08
7800 60000000 1.95158317306e-07
7800 61400000 6.50527724353e-08
7800 62800000 6.50527724353e-08
7800 66000000 6.50527724353e-08
7800 66200000 6.50527724353e-08
7800 70200000 1.95158317306e-07
7800 73800000 6.50527724353e-08
7800 76600000 6.50527724353e-08
8000 25400000 6.50527724353e-08
8000 28800000 6.50527724353e-08
8000 32600000 1.95158317306e-07
8000 35800000 6.50527724353e-08
8000 36000000 6.50527724353e-08
8000 46400000 1.30105544871e-07
8000 56000000 6.50527724353e-08
8000 67000000 6.50527724353e-08
8000 68000000 1.30105544871e-07
8000 73000000 6.50527724353e-08
8000 74000000 6.50527724353e-08
8000 75400000 6.50527724353e-08
8000 77800000 6.50527724353e-08
8200 14400000 1.30105544871e-07
8200 39200000 6.50527724353e-08
8200 51000000 1.30105544871e-07
8200 51400000 1.30105544871e-07
8200 74400000 6.50527724353e-08
8200 82400000 6.50527724353e-08
8400 8600000 6.50527724353e-08
8400 9400000 6.50527724353e-08
8400 18400000 6.50527724353e-08
8400 22400000 6.50527724353e-08
8400 23000000 6.50527724353e-08
8400 28200000 1.95158317306e-07
8400 28400000 6.50527724353e-08
8400 37200000 6.50527724353e-08
8400 42800000 6.50527724353e-08
8400 52600000 1.95158317306e-07
8400 62600000 1.30105544871e-07
8400 65200000 6.50527724353e-08
8400 71400000 6.50527724353e-08
8400 76400000 1.30105544871e-07
8400 77200000 6.50527724353e-08
8400 85400000 6.50527724353e-08
8600 16200000 6.50527724353e-08
8600 19600000 6.50527724353e-08
8600 31200000 6.50527724353e-08
8600 31600000 1.95158317306e-07
8600 31800000 1.30105544871e-07
8600 35000000 6.50527724353e-08
8600 55200000 6.50527724353e-08
8600 57800000 6.50527724353e-08
8600 63600000 6.50527724353e-08
8600 66600000 6.50527724353e-08
8600 72000000 6.50527724353e-08
8600 73600000 1.30105544871e-07
8800 8200000 6.50527724353e-08
8800 15400000 6.50527724353e-08
8800 17000000 6.50527724353e-08
8800 20000000 6.50527724353e-08
8800 35800000 6.50527724353e-08
8800 36400000 6.50527724353e-08
8800 38200000 6.50527724353e-08
8800 55400000 6.50527724353e-08
8800 65200000 1.95158317306e-07
8800 67200000 6.50527724353e-08
8800 67600000 6.50527724353e-08
8800 68000000 6.50527724353e-08
8800 68200000 6.50527724353e-08
8800 77000000 6.50527724353e-08
9000 20200000 6.50527724353e-08
9000 26600000 6.50527724353e-08
9000 35800000 6.50527724353e-08
9000 36400000 6.50527724353e-08
9000 67200000 6.50527724353e-08
9000 69600000 6.50527724353e-08
9000 71000000 6.50527724353e-08
9000 80400000 6.50527724353e-08
9000 82400000 1.95158317306e-07
9000 83200000 6.50527724353e-08
9200 15800000 6.50527724353e-08
9200 22200000 6.50527724353e-08
9200 23200000 6.50527724353e-08
9200 25600000 6.50527724353e-08
9200 38000000 1.30105544871e-07
9200 59000000 6.50527724353e-08
9200 60000000 6.50527724353e-08
9200 71600000 6.50527724353e-08
9200 72200000 1.30105544871e-07
9200 78000000 6.50527724353e-08
9200 80200000 6.50527724353e-08
9200 84000000 6.50527724353e-08
9200 91000000 6.50527724353e-08
9200 91800000 6.50527724353e-08
9400 10000000 6.50527724353e-08
9400 21000000 6.50527724353e-08
9400 23200000 6.50527724353e-08
9400 35000000 6.50527724353e-08
9400 39600000 6.50527724353e-08
9400 41400000 6.50527724353e-08
9400 48400000 1.30105544871e-07
9400 68000000 6.50527724353e-08
9400 73400000 6.50527724353e-08
9400 73800000 6.50527724353e-08
9400 75800000 6.50527724353e-08
9400 83000000 6.50527724353e-08
9400 91000000 6.50527724353e-08
9600 16400000 1.30105544871e-07
9600 35400000 6.50527724353e-08
9600 40400000 6.50527724353e-08
9600 63800000 6.50527724353e-08
9600 75400000 6.50527724353e-08
9600 76400000 6.50527724353e-08
9600 76600000 1.30105544871e-07
9600 82000000 1.30105544871e-07
9600 85200000 6.50527724353e-08
9600 85400000 6.50527724353e-08
9600 87800000 6.50527724353e-08
9600 88600000 6.50527724353e-08
9600 95400000 6.50527724353e-08
9800 8000000 1.30105544871e-07
9800 30000000 6.50527724353e-08
9800 34600000 6.50527724353e-08
9800 35200000 6.50527724353e-08
9800 38600000 6.50527724353e-08
9800 76400000 6.50527724353e-08
9800 77200000 6.50527724353e-08
9800 77400000 6.50527724353e-08
9800 77600000 2.60211089741e-07
9800 80000000 6.50527724353e-08
9800 88200000 6.50527724353e-08
10000 21200000 6.50527724353e-08
10000 25200000 1.30105544871e-07
10000 30200000 6.50527724353e-08
10000 64400000 6.50527724353e-08
10000 74600000 6.50527724353e-08
10000 77600000 6.50527724353e-08
10000 81200000 6.50527724353e-08
10000 87800000 6.50527724353e-08
10200 6000000 6.50527724353e-08
10200 23000000 6.50527724353e-08
10200 43200000 1.30105544871e-07
10200 46600000 6.50527724353e-08
10200 68600000 6.50527724353e-08
10200 72400000 6.50527724353e-08
10200 79000000 6.50527724353e-08
10200 79600000 6.50527724353e-08
10200 81200000 6.50527724353e-08
10200 82600000 6.50527724353e-08
10400 10200000 6.50527724353e-08
10400 11400000 6.50527724353e-08
10400 15800000 6.50527724353e-08
10400 19600000 6.50527724353e-08
10400 42400000 1.30105544871e-07
10400 93600000 6.50527724353e-08
10400 95400000 6.50527724353e-08
10400 101000000 6.50527724353e-08
10600 12400000 6.50527724353e-08
10600 26600000 6.50527724353e-08
10600 33600000 1.30105544871e-07
10600 44400000 6.50527724353e-08
10600 65400000 6.50527724353e-08
10600 77200000 6.50527724353e-08
10600 96600000 6.50527724353e-08
10800 9400000 6.50527724353e-08
10800 10000000 6.50527724353e-08
10800 10200000 6.50527724353e-08
10800 11400000 6.50527724353e-08
10800 29400000 6.50527724353e-08
10800 35000000 6.50527724353e-08
10800 39200000 6.50527724353e-08
10800 44400000 6.50527724353e-08
10800 48200000 6.50527724353e-08
10800 64000000 2.60211089741e-07
10800 71400000 6.50527724353e-08
10800 80200000 6.50527724353e-08
11000 12400000 6.50527724353e-08
11000 29600000 6.50527724353e-08
11000 44800000 6.50527724353e-08
11000 75200000 6.50527724353e-08
11000 85200000 6.50527724353e-08
11000 87000000 6.50527724353e-08
11000 88200000 6.50527724353e-08
11000 91000000 6.50527724353e-08
11200 13000000 6.50527724353e-08
11200 13400000 6.50527724353e-08
11200 19000000 6.50527724353e-08
11200 31000000 6.50527724353e-08
11200 32200000 6.50527724353e-08
11200 45200000 6.50527724353e-08
11200 45800000 6.50527724353e-08
11200 46200000 6.50527724353e-08
11200 70000000 6.50527724353e-08
11200 73400000 6.50527724353e-08
11200 85800000 1.30105544871e-07
11200 86400000 6.50527724353e-08
11200 87800000 6.50527724353e-08
11200 88600000 6.50527724353e-08
11200 90400000 1.30105544871e-07
11200 101000000 6.50527724353e-08
11200 107800000 6.50527724353e-08
11400 46400000 6.50527724353e-08
11400 56800000 1.30105544871e-07
11400 57000000 1.30105544871e-07
11400 95200000 6.50527724353e-08
11600 13000000 6.50527724353e-08
11600 53200000 6.50527724353e-08
11600 57800000 6.50527724353e-08
11600 58000000 6.50527724353e-08
11600 73800000 6.50527724353e-08
11600 80800000 6.50527724353e-08
11800 12000000 6.50527724353e-08
11800 12400000 6.50527724353e-08
11800 26800000 6.50527724353e-08
11800 57600000 6.50527724353e-08
11800 79600000 6.50527724353e-08
11800 84800000 6.50527724353e-08
11800 93400000 6.50527724353e-08
11800 93800000 1.95158317306e-07
12000 45600000 1.95158317306e-07
12000 81200000 6.50527724353e-08
12000 92600000 6.50527724353e-08
12000 95000000 1.30105544871e-07
12000 95800000 6.50527724353e-08
12000 96600000 6.50527724353e-08
12000 102800000 1.30105544871e-07
12200 29400000 6.50527724353e-08
12200 31800000 6.50527724353e-08
12200 34800000 6.50527724353e-08
12200 86000000 1.30105544871e-07
12200 104000000 1.30105544871e-07
12200 112600000 6.50527724353e-08
12200 113000000 6.50527724353e-08
12400 34800000 1.30105544871e-07
12400 51400000 6.50527724353e-08
12400 88600000 6.50527724353e-08
12400 89400000 1.30105544871e-07
12400 98800000 6.50527724353e-08
12400 104400000 6.50527724353e-08
12600 13600000 6.50527724353e-08
12600 37600000 6.50527724353e-08
12600 91800000 6.50527724353e-08
12600 104400000 6.50527724353e-08
12600 107600000 1.30105544871e-07
12800 35600000 1.30105544871e-07
12800 44400000 6.50527724353e-08
12800 53200000 6.50527724353e-08
12800 53400000 6.50527724353e-08
12800 68000000 6.50527724353e-08
12800 100200000 6.50527724353e-08
12800 110000000 6.50527724353e-08
13000 53600000 6.50527724353e-08
13000 85600000 6.50527724353e-08
13000 93600000 6.50527724353e-08
13000 107400000 6.50527724353e-08
13000 108600000 6.50527724353e-08
13000 109000000 6.50527724353e-08
13200 16800000 6.50527724353e-08
13200 41000000 6.50527724353e-08
13200 44800000 6.50527724353e-08
13200 46000000 6.50527724353e-08
13200 52600000 6.50527724353e-08
13200 54600000 1.30105544871e-07
13200 55000000 6.50527724353e-08
13200 95400000 1.30105544871e-07
13200 100200000 6.50527724353e-08
13200 106000000 6.50527724353e-08
13400 11000000 2.60211089741e-07
13400 41000000 6.50527724353e-08
13400 56200000 6.50527724353e-08
13600 15200000 6.50527724353e-08
13600 50200000 6.50527724353e-08
13600 56000000 1.30105544871e-07
13600 68400000 6.50527724353e-08
13600 112600000 6.50527724353e-08
13600 112800000 1.30105544871e-07
13600 113800000 6.50527724353e-08
13600 124600000 6.50527724353e-08
13800 9600000 6.50527724353e-08
13800 57800000 6.50527724353e-08
13800 109800000 6.50527724353e-08
13800 113600000 6.50527724353e-08
13800 116200000 6.50527724353e-08
14000 32200000 6.50527724353e-08
14000 58000000 6.50527724353e-08
14000 58800000 6.50527724353e-08
14000 106600000 6.50527724353e-08
14000 115600000 6.50527724353e-08
14000 116400000 6.50527724353e-08
14000 123600000 6.50527724353e-08
14000 128800000 6.50527724353e-08
14200 11800000 6.50527724353e-08
14200 34800000 6.50527724353e-08
14200 58600000 6.50527724353e-08
14200 58800000 6.50527724353e-08
14200 75400000 6.50527724353e-08
14200 121400000 6.50527724353e-08
14400 18000000 1.30105544871e-07
14400 25800000 6.50527724353e-08
14400 110200000 6.50527724353e-08
14400 110400000 6.50527724353e-08
14400 124600000 6.50527724353e-08
14600 13200000 6.50527724353e-08
14600 17800000 6.50527724353e-08
14600 20000000 1.95158317306e-07
14600 124000000 6.50527724353e-08
14800 6000000 1.30105544871e-07
14800 15400000 6.50527724353e-08
14800 16000000 6.50527724353e-08
14800 44600000 6.50527724353e-08
14800 108800000 6.50527724353e-08
14800 122600000 6.50527724353e-08
14800 123200000 6.50527724353e-08
15000 18400000 6.50527724353e-08
15000 39000000 6.50527724353e-08
15000 44600000 6.50527724353e-08
15000 112000000 6.50527724353e-08
15000 128800000 6.50527724353e-08
15200 6200000 6.50527724353e-08
15200 15800000 6.50527724353e-08
15200 22800000 6.50527724353e-08
15200 81400000 2.60211089741e-07
15200 115600000 1.30105544871e-07
15400 34200000 6.50527724353e-08
15400 109200000 6.50527724353e-08
15400 109400000 1.30105544871e-07
15400 115800000 1.30105544871e-07
15600 65400000 6.50527724353e-08
15600 112800000 6.50527724353e-08
15600 117400000 6.50527724353e-08
15800 49800000 6.50527724353e-08
15800 52600000 6.50527724353e-08
15800 129400000 1.30105544871e-07
15800 131800000 6.50527724353e-08
16000 16600000 6.50527724353e-08
16000 17200000 6.50527724353e-08
16000 17600000 6.50527724353e-08
16000 24800000 6.50527724353e-08
16000 30400000 6.50527724353e-08
16000 41000000 6.50527724353e-08
16000 67600000 1.30105544871e-07
16000 106600000 6.50527724353e-08
16000 123800000 6.50527724353e-08
16200 18800000 6.50527724353e-08
16200 106600000 6.50527724353e-08
16200 106800000 6.50527724353e-08
16200 121000000 6.50527724353e-08
16200 132600000 6.50527724353e-08
16200 139200000 6.50527724353e-08
16400 25600000 6.50527724353e-08
16600 19800000 1.30105544871e-07
16600 35400000 6.50527724353e-08
16600 50200000 6.50527724353e-08
16600 127200000 6.50527724353e-08
16600 145000000 6.50527724353e-08
16600 145200000 1.95158317306e-07
16800 80000000 6.50527724353e-08
16800 80200000 1.30105544871e-07
17000 37600000 6.50527724353e-08
17000 148400000 6.50527724353e-08
17200 18400000 6.50527724353e-08
17400 12400000 6.50527724353e-08
17400 26400000 6.50527724353e-08
17400 38600000 6.50527724353e-08
17400 51800000 6.50527724353e-08
17400 125400000 6.50527724353e-08
17400 152800000 6.50527724353e-08
17600 19800000 6.50527724353e-08
17600 20400000 6.50527724353e-08
17600 39800000 6.50527724353e-08
17600 128600000 6.50527724353e-08
17600 144800000 6.50527724353e-08
17800 51600000 6.50527724353e-08
17800 92200000 6.50527724353e-08
17800 149000000 6.50527724353e-08
17800 156600000 6.50527724353e-08
18000 28400000 1.30105544871e-07
18000 145200000 6.50527724353e-08
18200 141000000 6.50527724353e-08
18200 147400000 6.50527724353e-08
18400 21600000 6.50527724353e-08
18400 60400000 6.50527724353e-08
18400 162800000 6.50527724353e-08
18600 25600000 1.95158317306e-07
18600 27000000 6.50527724353e-08
18600 73000000 6.50527724353e-08
18600 76000000 6.50527724353e-08
18600 148600000 6.50527724353e-08
18800 78000000 6.50527724353e-08
18800 164000000 6.50527724353e-08
19000 29600000 6.50527724353e-08
19000 54800000 1.30105544871e-07
19000 139400000 1.30105544871e-07
19000 158000000 6.50527724353e-08
19000 159000000 6.50527724353e-08
19000 164800000 6.50527724353e-08
19200 15800000 6.50527724353e-08
19200 25400000 6.50527724353e-08
19200 43400000 6.50527724353e-08
19200 50400000 6.50527724353e-08
19200 87600000 6.50527724353e-08
19200 160600000 1.30105544871e-07
19200 161400000 6.50527724353e-08
19200 169400000 1.30105544871e-07
19400 40400000 6.50527724353e-08
19400 152000000 1.30105544871e-07
19400 161200000 1.30105544871e-07
19600 26600000 6.50527724353e-08
19600 63800000 6.50527724353e-08
19600 77000000 6.50527724353e-08
19600 167800000 6.50527724353e-08
19800 48000000 1.30105544871e-07
19800 92200000 6.50527724353e-08
19800 169200000 1.30105544871e-07
19800 170000000 6.50527724353e-08
19800 172800000 6.50527724353e-08
20000 34000000 6.50527724353e-08
20000 162800000 6.50527724353e-08
20200 25600000 6.50527724353e-08
20200 164200000 6.50527724353e-08
20200 168000000 6.50527724353e-08
20400 41600000 6.50527724353e-08
20400 180000000 6.50527724353e-08
20400 180400000 6.50527724353e-08
20600 65400000 1.30105544871e-07
20600 162000000 6.50527724353e-08
20800 23000000 2.60211089741e-07
20800 34200000 6.50527724353e-08
20800 37800000 6.50527724353e-08
20800 53200000 6.50527724353e-08
20800 76800000 6.50527724353e-08
20800 163200000 6.50527724353e-08
21000 64200000 6.50527724353e-08
21000 140800000 1.30105544871e-07
21200 30000000 6.50527724353e-08
21400 24600000 6.50527724353e-08
21400 36800000 6.50527724353e-08
21400 124600000 6.50527724353e-08
21600 24200000 6.50527724353e-08
21600 24800000 1.30105544871e-07
21600 86200000 6.50527724353e-08
21600 125800000 6.50527724353e-08
21600 184400000 1.30105544871e-07
21800 17800000 6.50527724353e-08
21800 25000000 6.50527724353e-08
21800 86800000 6.50527724353e-08
21800 87000000 1.30105544871e-07
21800 180400000 6.50527724353e-08
22000 47000000 6.50527724353e-08
22000 54000000 6.50527724353e-08
22200 19600000 1.95158317306e-07
22200 35600000 6.50527724353e-08
22200 35800000 1.30105544871e-07
22200 187600000 6.50527724353e-08
22400 88000000 6.50527724353e-08
22400 88200000 6.50527724353e-08
22400 176000000 6.50527724353e-08
22600 26800000 6.50527724353e-08
22600 42200000 6.50527724353e-08
22800 28600000 6.50527724353e-08
22800 31200000 6.50527724353e-08
22800 37800000 6.50527724353e-08
22800 89200000 6.50527724353e-08
23000 18800000 6.50527724353e-08
23000 71400000 6.50527724353e-08
23200 62400000 6.50527724353e-08
23200 183000000 6.50527724353e-08
23200 195400000 6.50527724353e-08
23400 197400000 6.50527724353e-08
23400 198000000 6.50527724353e-08
23600 32000000 6.50527724353e-08
23600 102000000 6.50527724353e-08
23600 115600000 6.50527724353e-08
23600 198600000 1.30105544871e-07
23800 68600000 6.50527724353e-08
24000 26800000 6.50527724353e-08
24000 70000000 6.50527724353e-08
24000 195400000 6.50527724353e-08
24200 73200000 1.95158317306e-07
24200 73400000 6.50527724353e-08
24200 119400000 6.50527724353e-08
24200 120000000 6.50527724353e-08
24200 120200000 6.50527724353e-08
24400 31800000 6.50527724353e-08
24400 39800000 6.50527724353e-08
24400 68200000 6.50527724353e-08
24600 46600000 6.50527724353e-08
24800 27800000 1.30105544871e-07
24800 74000000 6.50527724353e-08
24800 90800000 6.50527724353e-08
25000 44800000 6.50527724353e-08
25000 177000000 1.95158317306e-07
25000 202600000 6.50527724353e-08
25200 200800000 6.50527724353e-08
25200 203600000 1.30105544871e-07
25400 29600000 6.50527724353e-08
25400 82000000 6.50527724353e-08
25600 22800000 6.50527724353e-08
25800 38600000 6.50527724353e-08
25800 38800000 6.50527724353e-08
25800 40600000 6.50527724353e-08
25800 206800000 6.50527724353e-08
25800 209600000 6.50527724353e-08
26000 207200000 6.50527724353e-08
26000 208200000 6.50527724353e-08
26000 210800000 6.50527724353e-08
26200 49400000 6.50527724353e-08
26200 52400000 6.50527724353e-08
26400 30400000 6.50527724353e-08
26400 42000000 6.50527724353e-08
26400 224800000 6.50527724353e-08
26600 41000000 6.50527724353e-08
26600 51600000 6.50527724353e-08
26800 31000000 1.30105544871e-07
26800 79000000 6.50527724353e-08
27000 211000000 6.50527724353e-08
27200 201400000 6.50527724353e-08
27400 69400000 6.50527724353e-08
27400 97400000 1.30105544871e-07
27600 239600000 6.50527724353e-08
27800 32400000 6.50527724353e-08
28000 47800000 1.30105544871e-07
28000 208200000 1.95158317306e-07
28000 244200000 1.30105544871e-07
28000 244600000 6.50527724353e-08
28600 45400000 6.50527724353e-08
28600 60800000 6.50527724353e-08
28800 46200000 6.50527724353e-08
28800 96000000 6.50527724353e-08
28800 96400000 6.50527724353e-08
28800 96600000 1.30105544871e-07
28800 229600000 6.50527724353e-08
29000 62800000 6.50527724353e-08
29000 193800000 6.50527724353e-08
29200 69000000 6.50527724353e-08
29200 231800000 6.50527724353e-08
29400 36200000 6.50527724353e-08
29400 70000000 1.30105544871e-07
29600 48400000 6.50527724353e-08
29600 55600000 6.50527724353e-08
29600 61800000 6.50527724353e-08
29800 25800000 6.50527724353e-08
29800 51400000 6.50527724353e-08
29800 87400000 1.95158317306e-07
29800 87600000 6.50527724353e-08
29800 90400000 1.30105544871e-07
29800 108400000 6.50527724353e-08
29800 184800000 6.50527724353e-08
29800 236600000 6.50527724353e-08
29800 237000000 6.50527724353e-08
30000 26000000 6.50527724353e-08
30000 44600000 6.50527724353e-08
30000 56400000 6.50527724353e-08
30000 90800000 6.50527724353e-08
30000 201000000 6.50527724353e-08
30400 77200000 6.50527724353e-08
30400 90000000 6.50527724353e-08
30600 245800000 6.50527724353e-08
30800 53600000 6.50527724353e-08
30800 54000000 6.50527724353e-08
30800 208400000 6.50527724353e-08
30800 219000000 6.50527724353e-08
30800 238000000 6.50527724353e-08
31000 109800000 6.50527724353e-08
31000 251600000 6.50527724353e-08
31200 220200000 1.30105544871e-07
31200 239600000 6.50527724353e-08
31200 240000000 6.50527724353e-08
31400 55200000 6.50527724353e-08
31400 77000000 6.50527724353e-08
31400 90800000 6.50527724353e-08
31400 199800000 6.50527724353e-08
31400 212600000 6.50527724353e-08
31600 213400000 6.50527724353e-08
31800 130600000 6.50527724353e-08
31800 216200000 1.30105544871e-07
32200 61400000 6.50527724353e-08
32200 62600000 6.50527724353e-08
32200 258800000 1.30105544871e-07
32400 28600000 6.50527724353e-08
32400 58600000 6.50527724353e-08
32400 88800000 1.30105544871e-07
32600 118600000 1.30105544871e-07
32800 56400000 6.50527724353e-08
32800 142200000 6.50527724353e-08
32800 251000000 6.50527724353e-08
33000 67400000 6.50527724353e-08
33000 99200000 1.30105544871e-07
33000 228600000 6.50527724353e-08
33200 52000000 6.50527724353e-08
33200 82400000 6.50527724353e-08
33400 75200000 6.50527724353e-08
33600 37800000 6.50527724353e-08
33800 54600000 6.50527724353e-08
33800 274400000 6.50527724353e-08
34000 293400000 6.50527724353e-08
34000 293600000 1.30105544871e-07
34200 65400000 6.50527724353e-08
34200 275000000 6.50527724353e-08
34200 294400000 6.50527724353e-08
34200 295200000 6.50527724353e-08
34600 282600000 6.50527724353e-08
35000 68200000 6.50527724353e-08
35000 88400000 6.50527724353e-08
35000 285800000 1.30105544871e-07
35200 55600000 6.50527724353e-08
35200 69800000 6.50527724353e-08
35200 85800000 6.50527724353e-08
35200 88600000 1.30105544871e-07
35200 93400000 1.95158317306e-07
35400 77800000 6.50527724353e-08
35400 89000000 6.50527724353e-08
35600 64600000 6.50527724353e-08
35600 94800000 6.50527724353e-08
35800 78800000 6.50527724353e-08
35800 305600000 6.50527724353e-08
36000 269200000 6.50527724353e-08
36200 74600000 6.50527724353e-08
36200 279800000 6.50527724353e-08
36400 75400000 6.50527724353e-08
36400 125200000 1.30105544871e-07
36400 126000000 6.50527724353e-08
36400 280200000 6.50527724353e-08
36800 42200000 6.50527724353e-08
37000 135400000 6.50527724353e-08
37000 135600000 1.30105544871e-07
37000 298800000 6.50527724353e-08
37000 299000000 6.50527724353e-08
37200 67400000 6.50527724353e-08
37200 95600000 6.50527724353e-08
37200 130200000 6.50527724353e-08
37200 273600000 1.30105544871e-07
37400 94600000 6.50527724353e-08
37400 95000000 6.50527724353e-08
37400 173000000 6.50527724353e-08
37600 35400000 6.50527724353e-08
37600 46400000 6.50527724353e-08
37600 95600000 6.50527724353e-08
37600 135000000 6.50527724353e-08
37800 96400000 6.50527724353e-08
37800 104200000 6.50527724353e-08
37800 104600000 6.50527724353e-08
37800 131800000 6.50527724353e-08
37800 320000000 6.50527724353e-08
38000 134600000 6.50527724353e-08
38200 44400000 6.50527724353e-08
38200 308200000 6.50527724353e-08
38400 133000000 6.50527724353e-08
38600 40800000 6.50527724353e-08
39000 41200000 1.30105544871e-07
39000 53000000 6.50527724353e-08
39000 104600000 6.50527724353e-08
39200 50400000 6.50527724353e-08
39200 104600000 6.50527724353e-08
39200 138000000 1.30105544871e-07
39400 189400000 6.50527724353e-08
39400 308400000 6.50527724353e-08
39600 143200000 6.50527724353e-08
39600 149200000 6.50527724353e-08
40000 130200000 6.50527724353e-08
40000 146000000 6.50527724353e-08
40000 293200000 6.50527724353e-08
40000 311600000 6.50527724353e-08
40200 89200000 6.50527724353e-08
40200 132000000 6.50527724353e-08
40200 147400000 6.50527724353e-08
40400 146600000 6.50527724353e-08
40400 150600000 6.50527724353e-08
40400 185200000 6.50527724353e-08
40600 149400000 6.50527724353e-08
40800 154000000 6.50527724353e-08
41000 41400000 6.50527724353e-08
41000 46000000 6.50527724353e-08
41000 47800000 6.50527724353e-08
41000 151400000 1.30105544871e-07
41000 152200000 6.50527724353e-08
41000 171800000 6.50527724353e-08
41200 92000000 6.50527724353e-08
41200 153600000 6.50527724353e-08
41200 167000000 6.50527724353e-08
41200 167200000 6.50527724353e-08
41200 307400000 6.50527724353e-08
41400 96600000 6.50527724353e-08
41400 153600000 6.50527724353e-08
41400 154800000 6.50527724353e-08
41400 155000000 1.30105544871e-07
41600 171400000 6.50527724353e-08
42000 57400000 6.50527724353e-08
42000 160000000 1.30105544871e-07
42000 171200000 6.50527724353e-08
42000 323400000 6.50527724353e-08
42200 184600000 6.50527724353e-08
42400 70200000 6.50527724353e-08
42400 170800000 6.50527724353e-08
42400 171000000 6.50527724353e-08
42600 64400000 6.50527724353e-08
42600 64600000 1.30105544871e-07
42600 170600000 6.50527724353e-08
42800 45200000 6.50527724353e-08
42800 54600000 6.50527724353e-08
42800 188600000 6.50527724353e-08
42800 204800000 6.50527724353e-08
43000 66000000 6.50527724353e-08
43000 72800000 6.50527724353e-08
43200 122400000 6.50527724353e-08
43200 134600000 6.50527724353e-08
43200 174600000 6.50527724353e-08
43200 306600000 6.50527724353e-08
43400 314400000 6.50527724353e-08
43600 189000000 6.50527724353e-08
43600 190000000 6.50527724353e-08
43600 195800000 6.50527724353e-08
43800 183600000 6.50527724353e-08
44000 103200000 6.50527724353e-08
44000 104600000 6.50527724353e-08
44000 177600000 6.50527724353e-08
44000 192600000 6.50527724353e-08
44200 105000000 6.50527724353e-08
44200 105400000 6.50527724353e-08
44400 193200000 6.50527724353e-08
44800 102600000 6.50527724353e-08
44800 102800000 1.30105544871e-07
44800 178400000 6.50527724353e-08
45400 182200000 6.50527724353e-08
45400 192800000 6.50527724353e-08
45600 60600000 6.50527724353e-08
45600 109400000 6.50527724353e-08
45800 190200000 6.50527724353e-08
45800 194400000 6.50527724353e-08
46000 52600000 1.95158317306e-07
46200 82800000 6.50527724353e-08
46400 190200000 6.50527724353e-08
46400 201000000 6.50527724353e-08
46600 192000000 6.50527724353e-08
46600 193200000 6.50527724353e-08
46800 116400000 6.50527724353e-08
46800 193600000 6.50527724353e-08
47000 194400000 6.50527724353e-08
47000 195800000 6.50527724353e-08
47200 207000000 6.50527724353e-08
47400 120000000 6.50527724353e-08
47400 354000000 6.50527724353e-08
47600 120000000 6.50527724353e-08
47600 216200000 6.50527724353e-08
47800 121200000 6.50527724353e-08
48000 90000000 6.50527724353e-08
48000 90200000 6.50527724353e-08
48200 90200000 6.50527724353e-08
48200 123600000 6.50527724353e-08
48400 209800000 6.50527724353e-08
48800 63400000 6.50527724353e-08
48800 202600000 6.50527724353e-08
49000 61600000 6.50527724353e-08
49200 85800000 6.50527724353e-08
49600 135000000 6.50527724353e-08
49600 214000000 6.50527724353e-08
49800 220200000 6.50527724353e-08
50000 57200000 6.50527724353e-08
50000 137000000 1.30105544871e-07
50200 95200000 6.50527724353e-08
50200 136200000 6.50527724353e-08
50200 220800000 6.50527724353e-08
50400 136600000 1.30105544871e-07
50400 145400000 6.50527724353e-08
50800 134200000 6.50527724353e-08
51800 54600000 6.50527724353e-08
52200 114400000 6.50527724353e-08
52200 244600000 6.50527724353e-08
52400 68400000 6.50527724353e-08
52600 134800000 6.50527724353e-08
52600 145800000 6.50527724353e-08
52600 252000000 6.50527724353e-08
52600 293000000 6.50527724353e-08
52800 244800000 6.50527724353e-08
52800 245000000 1.30105544871e-07
53200 146800000 6.50527724353e-08
53400 82800000 6.50527724353e-08
55600 86400000 6.50527724353e-08
55600 263800000 6.50527724353e-08
55800 86000000 6.50527724353e-08
55800 86600000 1.30105544871e-07
55800 86800000 6.50527724353e-08
55800 238600000 6.50527724353e-08
55800 316200000 6.50527724353e-08
56000 87000000 6.50527724353e-08
56000 240000000 6.50527724353e-08
56000 268200000 6.50527724353e-08
56200 269600000 6.50527724353e-08
56200 276800000 6.50527724353e-08
56400 60600000 6.50527724353e-08
56400 75000000 6.50527724353e-08
56400 271800000 6.50527724353e-08
57000 277600000 6.50527724353e-08
57000 402400000 1.30105544871e-07
57200 139800000 6.50527724353e-08
57600 106400000 6.50527724353e-08
57600 121000000 1.95158317306e-07
57600 182800000 6.50527724353e-08
57800 96600000 6.50527724353e-08
58000 253600000 6.50527724353e-08
58200 96800000 6.50527724353e-08
58200 286600000 6.50527724353e-08
58400 122800000 6.50527724353e-08
58600 214600000 6.50527724353e-08
58800 120000000 6.50527724353e-08
59600 124200000 6.50527724353e-08
59600 145400000 1.95158317306e-07
60200 74800000 6.50527724353e-08
60200 305800000 6.50527724353e-08
60400 102800000 6.50527724353e-08
60400 306200000 6.50527724353e-08
60400 306600000 6.50527724353e-08
60400 317000000 6.50527724353e-08
60600 208600000 6.50527724353e-08
60600 209400000 6.50527724353e-08
60800 322800000 2.60211089741e-07
61000 92200000 6.50527724353e-08
61000 103200000 1.95158317306e-07
61000 106600000 1.30105544871e-07
61000 311800000 1.30105544871e-07
61000 312000000 6.50527724353e-08
61200 137800000 6.50527724353e-08
61200 212800000 6.50527724353e-08
61200 356200000 6.50527724353e-08
61400 110000000 6.50527724353e-08
61400 320800000 6.50527724353e-08
61600 330200000 6.50527724353e-08
61600 378200000 6.50527724353e-08
61800 154800000 6.50527724353e-08
62000 96800000 1.30105544871e-07
62000 104200000 6.50527724353e-08
62000 223800000 6.50527724353e-08
62000 287200000 6.50527724353e-08
62000 322400000 6.50527724353e-08
62200 111800000 6.50527724353e-08
62200 132000000 6.50527724353e-08
62200 323000000 6.50527724353e-08
62400 106400000 6.50527724353e-08
62400 325400000 6.50527724353e-08
62400 333800000 6.50527724353e-08
62600 110800000 6.50527724353e-08
62600 338600000 6.50527724353e-08
62800 75800000 6.50527724353e-08
63000 76200000 6.50527724353e-08
63000 85000000 6.50527724353e-08
63000 85200000 6.50527724353e-08
63200 241200000 6.50527724353e-08
63200 338000000 6.50527724353e-08
63400 340800000 6.50527724353e-08
63600 77600000 1.30105544871e-07
63800 343000000 6.50527724353e-08
64000 342200000 6.50527724353e-08
64400 421400000 6.50527724353e-08
64600 342800000 6.50527724353e-08
64800 354600000 6.50527724353e-08
65000 110400000 6.50527724353e-08
65000 246400000 6.50527724353e-08
65400 104800000 6.50527724353e-08
65400 359800000 6.50527724353e-08
65600 185000000 6.50527724353e-08
65600 355200000 6.50527724353e-08
65800 365800000 6.50527724353e-08
66600 359200000 6.50527724353e-08
67000 120400000 6.50527724353e-08
67000 364000000 1.30105544871e-07
67200 379400000 6.50527724353e-08
67600 99200000 6.50527724353e-08
67600 367800000 6.50527724353e-08
67800 369400000 6.50527724353e-08
68000 371000000 6.50527724353e-08
68600 105800000 6.50527724353e-08
68600 381600000 6.50527724353e-08
68800 346600000 6.50527724353e-08
69200 458000000 6.50527724353e-08
69400 103200000 6.50527724353e-08
69600 140000000 1.30105544871e-07
69800 102000000 6.50527724353e-08
70000 114200000 6.50527724353e-08
70000 168200000 6.50527724353e-08
70200 114800000 6.50527724353e-08
70200 144600000 6.50527724353e-08
70200 323400000 6.50527724353e-08
70200 395400000 6.50527724353e-08
70200 395600000 6.50527724353e-08
70400 387600000 1.30105544871e-07
70600 388400000 6.50527724353e-08
70600 389200000 6.50527724353e-08
70800 403000000 6.50527724353e-08
71000 391600000 6.50527724353e-08
71200 110800000 6.50527724353e-08
71400 112600000 6.50527724353e-08
71400 310000000 6.50527724353e-08
71600 113400000 6.50527724353e-08
71600 113800000 6.50527724353e-08
72000 130800000 6.50527724353e-08
72400 120800000 6.50527724353e-08
72400 123400000 6.50527724353e-08
72400 144600000 6.50527724353e-08
72800 120200000 2.60211089741e-07
73400 135200000 6.50527724353e-08
73400 162600000 6.50527724353e-08
73600 143800000 6.50527724353e-08
73600 146400000 6.50527724353e-08
73600 146600000 6.50527724353e-08
73600 146800000 1.30105544871e-07
74000 115400000 6.50527724353e-08
74000 146400000 1.30105544871e-07
74000 148600000 6.50527724353e-08
74000 162600000 6.50527724353e-08
74000 235000000 6.50527724353e-08
74200 140200000 6.50527724353e-08
74200 140400000 6.50527724353e-08
74200 420000000 1.95158317306e-07
74400 129800000 6.50527724353e-08
74400 140800000 6.50527724353e-08
74400 146000000 1.30105544871e-07
74600 133000000 6.50527724353e-08
74600 154600000 6.50527724353e-08
74600 429400000 6.50527724353e-08
74800 429600000 6.50527724353e-08
75000 143000000 6.50527724353e-08
75200 143000000 6.50527724353e-08
75600 122200000 6.50527724353e-08
75600 173800000 6.50527724353e-08
75600 447000000 6.50527724353e-08
75800 347200000 1.30105544871e-07
75800 437000000 6.50527724353e-08
76200 142200000 6.50527724353e-08
76200 378400000 1.30105544871e-07
76200 446600000 6.50527724353e-08
76400 378600000 6.50527724353e-08
76400 379000000 6.50527724353e-08
77200 158600000 6.50527724353e-08
77200 453400000 6.50527724353e-08
77400 138200000 6.50527724353e-08
77400 153200000 6.50527724353e-08
77400 445000000 6.50527724353e-08
77400 446400000 6.50527724353e-08
77400 449800000 1.30105544871e-07
78200 264400000 6.50527724353e-08
78800 139200000 1.30105544871e-07
78800 175800000 6.50527724353e-08
78800 176200000 6.50527724353e-08
79400 170000000 6.50527724353e-08
79400 454800000 6.50527724353e-08
79600 174800000 1.30105544871e-07
80000 166200000 6.50527724353e-08
80000 166600000 6.50527724353e-08
80000 483600000 6.50527724353e-08
80000 483800000 6.50527724353e-08
80800 170600000 1.30105544871e-07
81200 172400000 6.50527724353e-08
81400 494400000 6.50527724353e-08
81800 476400000 6.50527724353e-08
82000 476200000 6.50527724353e-08
82200 478000000 1.30105544871e-07
82200 479200000 6.50527724353e-08
82200 479400000 6.50527724353e-08
82400 156200000 1.95158317306e-07
82400 480400000 6.50527724353e-08
82400 481000000 6.50527724353e-08
82600 178000000 6.50527724353e-08
82600 496600000 1.95158317306e-07
82800 183000000 6.50527724353e-08
82800 483200000 6.50527724353e-08
82800 483400000 6.50527724353e-08
83000 410400000 6.50527724353e-08
83200 178600000 6.50527724353e-08
83200 178800000 1.30105544871e-07
83200 488400000 6.50527724353e-08
83400 346200000 6.50527724353e-08
83400 413000000 6.50527724353e-08
83400 489600000 6.50527724353e-08
83600 179400000 6.50527724353e-08
85200 189200000 6.50527724353e-08
85200 254400000 6.50527724353e-08
85400 439000000 6.50527724353e-08
85400 497200000 1.30105544871e-07
85800 190400000 6.50527724353e-08
86400 184800000 6.50527724353e-08
86400 193400000 6.50527724353e-08
86400 193600000 6.50527724353e-08
87000 345000000 6.50527724353e-08
87200 226400000 1.30105544871e-07
89200 539800000 6.50527724353e-08
89400 204000000 6.50527724353e-08
89600 543400000 6.50527724353e-08
90000 215200000 1.30105544871e-07
90400 206800000 1.95158317306e-07
90600 207200000 6.50527724353e-08
91000 208600000 6.50527724353e-08
91400 200600000 1.30105544871e-07
93000 564200000 6.50527724353e-08
93000 564400000 6.50527724353e-08
93400 274000000 6.50527724353e-08
93400 274200000 6.50527724353e-08
93400 541600000 6.50527724353e-08
93400 541800000 1.30105544871e-07
93600 274200000 6.50527724353e-08
93800 542800000 6.50527724353e-08
94000 598800000 6.50527724353e-08
95200 198000000 6.50527724353e-08
96400 233000000 6.50527724353e-08
96800 214600000 6.50527724353e-08
97200 237000000 6.50527724353e-08
100200 244000000 1.30105544871e-07
101400 293800000 6.50527724353e-08
101600 294400000 1.95158317306e-07
101800 454800000 6.50527724353e-08
102000 295800000 6.50527724353e-08
103000 646600000 1.95158317306e-07
104400 667800000 6.50527724353e-08
106200 325600000 1.30105544871e-07
108000 429000000 6.50527724353e-08
109000 340200000 6.50527724353e-08
111000 431800000 6.50527724353e-08
111000 434200000 6.50527724353e-08
113000 265800000 6.50527724353e-08
114000 710400000 6.50527724353e-08
114600 716600000 1.30105544871e-07
116200 431600000 6.50527724353e-08
121000 358600000 6.50527724353e-08
121800 725800000 6.50527724353e-08
132000 258600000 6.50527724353e-08
132000 524400000 6.50527724353e-08
132000 524800000 1.30105544871e-07
134200 271400000 6.50527724353e-08
134200 271600000 6.50527724353e-08
134400 271800000 6.50527724353e-08
148600 746600000 1.95158317306e-07
149600 575200000 6.50527724353e-08
149600 575400000 6.50527724353e-08
154400 288000000 6.50527724353e-08
155800 295800000 1.30105544871e-07
156200 307600000 1.30105544871e-07
156800 625200000 6.50527724353e-08
157400 306000000 6.50527724353e-08
161400 332400000 6.50527724353e-08
165000 506200000 6.50527724353e-08
165000 506400000 1.30105544871e-07
166400 388000000 6.50527724353e-08
169600 354400000 6.50527724353e-08
169800 355000000 6.50527724353e-08
170000 356000000 6.50527724353e-08
170200 356600000 6.50527724353e-08
170400 659200000 1.95158317306e-07
171600 955800000 1.95158317306e-07
171800 956800000 6.50527724353e-08
176000 401200000 6.50527724353e-08
176000 401800000 6.50527724353e-08
176200 402600000 6.50527724353e-08
176200 403400000 6.50527724353e-08
176200 699600000 6.50527724353e-08
176400 404000000 6.50527724353e-08
176600 407000000 6.50527724353e-08
177000 409600000 6.50527724353e-08
177400 409800000 6.50527724353e-08
179000 427600000 6.50527724353e-08
185400 477200000 6.50527724353e-08
185600 477600000 6.50527724353e-08
185600 477800000 6.50527724353e-08
185600 802800000 6.50527724353e-08
193400 628800000 6.50527724353e-08
196000 883200000 6.50527724353e-08
209000 678200000 6.50527724353e-08
209000 678400000 6.50527724353e-08
218400 711400000 6.50527724353e-08
250600 824200000 1.30105544871e-07
250800 825000000 6.50527724353e-08
259600 891000000 6.50527724353e-08
335400 1277800000 6.50527724353e-08
