0
1.0 0.000100821442266
2.0 0.00128821594107
3.0 6.09456041329e-06
4.0 7.66173309099e-06
5.0 6.44282100833e-06
6.0 6.9652119009e-06
7.0 1.25373814216e-05
8.0 7.31347249595e-06
9.0 1.1666729934e-05
10.0 7.31347249595e-06
11.0 7.66173309099e-06
12.0 7.31347249595e-06
13.0 7.13934219842e-06
14.0 5.04977862815e-06
15.0 6.79108160338e-06
16.0 4.87564833063e-06
17.0 6.61695130586e-06
18.0 6.9652119009e-06
19.0 4.87564833063e-06
20.0 1.1318469339e-05
21.0 1.02736875538e-05
22.0 1.25373814216e-05
23.0 1.41045540993e-05
24.0 4.50997470583e-05
25.0 0.00712959090176
26.0 0.00101744332842
27.0 2.21145477854e-05
28.0 1.44528146944e-05
29.0 1.28856420167e-05
30.0 1.30597723142e-05
31.0 1.27115117191e-05
32.0 1.20149905291e-05
33.0 0.000119627514398
34.0 1.25373814216e-05
35.0 1.20149905291e-05
36.0 1.28856420167e-05
37.0 1.41045540993e-05
38.0 1.44528146944e-05
39.0 1.51493358845e-05
40.0 1.35821632068e-05
41.0 1.46269449919e-05
42.0 1.18408602315e-05
43.0 1.25373814216e-05
44.0 1.68906388597e-05
45.0 1.18408602315e-05
46.0 1.49752055869e-05
47.0 1.30597723142e-05
48.0 1.41045540993e-05
49.0 1.07960784464e-05
50.0 1.1666729934e-05
51.0 1.34080329092e-05
52.0 1.25373814216e-05
53.0 1.34080329092e-05
54.0 1.37562935043e-05
55.0 1.46269449919e-05
56.0 1.54975964795e-05
57.0 1.1318469339e-05
58.0 1.44528146944e-05
59.0 1.5323466182e-05
60.0 1.65423782646e-05
61.0 1.63682479671e-05
62.0 1.34080329092e-05
63.0 1.61941176696e-05
64.0 2.00249842151e-05
65.0 2.01991145126e-05
66.0 1.49752055869e-05
67.0 1.79354206448e-05
68.0 1.967672362e-05
69.0 2.21145477854e-05
70.0 2.66419355209e-05
71.0 2.71643264135e-05
72.0 3.41295383144e-05
73.0 1.75871600498e-05
74.0 2.62936749259e-05
75.0 2.12438962977e-05
76.0 1.898020243e-05
77.0 2.50747628432e-05
78.0 2.17662871903e-05
79.0 2.78608476036e-05
80.0 1.967672362e-05
81.0 2.03732448101e-05
82.0 1.74130297523e-05
83.0 1.79354206448e-05
84.0 2.08956357027e-05
85.0 2.12438962977e-05
86.0 1.79354206448e-05
87.0 2.10697660002e-05
88.0 1.63682479671e-05
89.0 1.63682479671e-05
90.0 1.54975964795e-05
91.0 1.5323466182e-05
92.0 1.74130297523e-05
93.0 1.34080329092e-05
94.0 1.65423782646e-05
95.0 1.5323466182e-05
96.0 1.5671726777e-05
97.0 1.39304238018e-05
98.0 1.42786843968e-05
99.0 1.68906388597e-05
100.0 1.58458570745e-05
101.0 1.18408602315e-05
102.0 1.25373814216e-05
103.0 1.18408602315e-05
104.0 1.28856420167e-05
105.0 1.41045540993e-05
106.0 1.27115117191e-05
107.0 1.34080329092e-05
108.0 1.39304238018e-05
109.0 1.14925996365e-05
110.0 1.14925996365e-05
111.0 1.1318469339e-05
112.0 1.28856420167e-05
113.0 1.06219481489e-05
114.0 1.09702087439e-05
115.0 1.35821632068e-05
116.0 1.70647691572e-05
117.0 1.18408602315e-05
118.0 1.60199873721e-05
119.0 1.28856420167e-05
120.0 1.5671726777e-05
121.0 1.5323466182e-05
122.0 1.81095509423e-05
123.0 1.1666729934e-05
124.0 1.20149905291e-05
125.0 1.967672362e-05
126.0 1.58458570745e-05
127.0 1.51493358845e-05
128.0 1.91543327275e-05
129.0 1.68906388597e-05
130.0 1.967672362e-05
131.0 2.01991145126e-05
132.0 1.77612903473e-05
133.0 2.00249842151e-05
134.0 1.67165085622e-05
135.0 2.08956357027e-05
136.0 2.42041113556e-05
137.0 2.40299810581e-05
138.0 2.21145477854e-05
139.0 2.57712840333e-05
140.0 2.14180265953e-05
141.0 2.52488931408e-05
142.0 2.80349779011e-05
143.0 2.59454143309e-05
144.0 2.90797596863e-05
145.0 3.18658444466e-05
146.0 3.15175838516e-05
147.0 3.01245414714e-05
148.0 3.27364959342e-05
149.0 3.5000189802e-05
150.0 3.58708412896e-05
151.0 3.81345351574e-05
152.0 3.67414927772e-05
153.0 3.60449715872e-05
154.0 3.97017078351e-05
155.0 4.73634409261e-05
156.0 4.07464896203e-05
157.0 3.91793169426e-05
158.0 4.24877925955e-05
159.0 3.865692605e-05
160.0 4.17912714054e-05
161.0 3.8308665455e-05
162.0 4.03982290252e-05
163.0 3.69156230748e-05
164.0 3.58708412896e-05
165.0 3.81345351574e-05
166.0 4.02240987277e-05
167.0 4.05723593227e-05
168.0 3.56967109921e-05
169.0 3.53484503971e-05
170.0 3.48260595045e-05
171.0 3.76121442649e-05
172.0 3.72638836698e-05
173.0 2.82091081986e-05
174.0 2.82091081986e-05
175.0 2.80349779011e-05
176.0 2.55971537358e-05
177.0 2.57712840333e-05
178.0 2.92538899838e-05
179.0 2.7338456711e-05
180.0 1.88060721324e-05
181.0 1.81095509423e-05
182.0 2.26369386779e-05
183.0 2.03732448101e-05
184.0 1.86319418349e-05
185.0 1.70647691572e-05
186.0 1.86319418349e-05
187.0 1.44528146944e-05
188.0 1.48010752894e-05
189.0 1.67165085622e-05
190.0 1.5323466182e-05
191.0 1.37562935043e-05
192.0 1.1666729934e-05
193.0 9.22890576869e-06
194.0 1.11443390414e-05
195.0 9.75129666126e-06
196.0 1.21891208266e-05
197.0 8.18412398356e-06
198.0 1.07960784464e-05
199.0 1.09702087439e-05
200.0 7.48760279347e-06
201.0 7.83586338851e-06
202.0 6.61695130586e-06
203.0 1.06219481489e-05
204.0 5.57216952072e-06
205.0 6.9652119009e-06
206.0 6.79108160338e-06
207.0 5.92043011577e-06
208.0 7.31347249595e-06
209.0 6.26869071081e-06
210.0 7.31347249595e-06
211.0 7.31347249595e-06
212.0 5.74629981824e-06
213.0 5.74629981824e-06
214.0 6.79108160338e-06
215.0 5.22390892568e-06
216.0 5.57216952072e-06
217.0 5.3980392232e-06
218.0 5.22390892568e-06
219.0 4.87564833063e-06
220.0 4.70151803311e-06
221.0 3.8308665455e-06
222.0 4.52738773559e-06
223.0 5.22390892568e-06
224.0 4.70151803311e-06
225.0 5.92043011577e-06
226.0 4.70151803311e-06
227.0 4.35325743806e-06
228.0 4.17912714054e-06
229.0 5.22390892568e-06
230.0 3.65673624797e-06
231.0 4.17912714054e-06
232.0 4.35325743806e-06
233.0 5.57216952072e-06
234.0 3.8308665455e-06
235.0 4.00499684302e-06
236.0 5.04977862815e-06
237.0 3.65673624797e-06
238.0 3.65673624797e-06
239.0 5.3980392232e-06
240.0 5.92043011577e-06
241.0 4.52738773559e-06
242.0 4.70151803311e-06
243.0 5.3980392232e-06
244.0 5.04977862815e-06
245.0 5.04977862815e-06
246.0 3.8308665455e-06
247.0 3.8308665455e-06
248.0 5.3980392232e-06
249.0 5.74629981824e-06
250.0 3.48260595045e-06
251.0 5.3980392232e-06
252.0 4.87564833063e-06
253.0 4.70151803311e-06
254.0 6.9652119009e-06
255.0 3.8308665455e-06
256.0 4.00499684302e-06
257.0 4.70151803311e-06
258.0 6.61695130586e-06
259.0 4.70151803311e-06
260.0 4.35325743806e-06
261.0 7.13934219842e-06
262.0 6.61695130586e-06
263.0 0.000634356673875
264.0 5.04977862815e-06
265.0 6.26869071081e-06
266.0 5.22390892568e-06
267.0 5.57216952072e-06
268.0 5.74629981824e-06
269.0 6.26869071081e-06
270.0 5.3980392232e-06
271.0 5.3980392232e-06
272.0 4.70151803311e-06
273.0 6.61695130586e-06
274.0 9.22890576869e-06
275.0 5.74629981824e-06
276.0 5.3980392232e-06
277.0 6.61695130586e-06
278.0 5.57216952072e-06
279.0 5.3980392232e-06
280.0 7.31347249595e-06
281.0 6.26869071081e-06
282.0 8.18412398356e-06
283.0 8.5323845786e-06
284.0 8.35825428108e-06
285.0 6.79108160338e-06
286.0 1.07960784464e-05
287.0 9.05477547117e-06
288.0 9.40303606622e-06
289.0 7.83586338851e-06
290.0 9.57716636374e-06
291.0 9.22890576869e-06
292.0 8.35825428108e-06
293.0 9.75129666126e-06
294.0 9.92542695878e-06
295.0 1.11443390414e-05
296.0 7.31347249595e-06
297.0 9.75129666126e-06
298.0 1.00995572563e-05
299.0 9.22890576869e-06
300.0 8.5323845786e-06
301.0 7.83586338851e-06
302.0 8.35825428108e-06
303.0 8.5323845786e-06
304.0 6.79108160338e-06
305.0 6.9652119009e-06
306.0 6.79108160338e-06
307.0 8.00999368604e-06
308.0 7.31347249595e-06
309.0 8.35825428108e-06
310.0 6.9652119009e-06
311.0 5.74629981824e-06
312.0 7.31347249595e-06
313.0 7.13934219842e-06
314.0 5.57216952072e-06
315.0 4.70151803311e-06
316.0 4.17912714054e-06
317.0 5.57216952072e-06
318.0 5.74629981824e-06
319.0 4.52738773559e-06
320.0 3.65673624797e-06
321.0 4.70151803311e-06
322.0 5.92043011577e-06
323.0 4.17912714054e-06
324.0 3.48260595045e-06
325.0 4.00499684302e-06
326.0 5.74629981824e-06
327.0 2.96021505788e-06
328.0 4.87564833063e-06
329.0 3.30847565293e-06
330.0 3.65673624797e-06
331.0 4.87564833063e-06
332.0 3.65673624797e-06
333.0 2.26369386779e-06
334.0 3.30847565293e-06
335.0 3.13434535541e-06
336.0 4.87564833063e-06
337.0 1.91543327275e-06
338.0 3.13434535541e-06
339.0 3.30847565293e-06
340.0 3.65673624797e-06
341.0 2.78608476036e-06
342.0 4.17912714054e-06
343.0 3.13434535541e-06
344.0 2.26369386779e-06
345.0 2.61195446284e-06
346.0 3.48260595045e-06
347.0 2.08956357027e-06
348.0 2.78608476036e-06
349.0 2.08956357027e-06
350.0 3.8308665455e-06
351.0 2.78608476036e-06
352.0 2.61195446284e-06
353.0 2.43782416532e-06
354.0 2.26369386779e-06
355.0 2.78608476036e-06
356.0 3.13434535541e-06
357.0 2.26369386779e-06
358.0 2.08956357027e-06
359.0 1.91543327275e-06
360.0 3.65673624797e-06
361.0 2.78608476036e-06
362.0 4.70151803311e-06
363.0 2.26369386779e-06
364.0 2.78608476036e-06
365.0 2.61195446284e-06
366.0 4.00499684302e-06
367.0 2.96021505788e-06
368.0 3.13434535541e-06
369.0 3.30847565293e-06
370.0 4.52738773559e-06
371.0 4.17912714054e-06
372.0 4.87564833063e-06
373.0 3.8308665455e-06
374.0 4.17912714054e-06
375.0 3.8308665455e-06
376.0 3.48260595045e-06
377.0 4.17912714054e-06
378.0 4.87564833063e-06
379.0 4.87564833063e-06
380.0 5.74629981824e-06
381.0 6.79108160338e-06
382.0 6.61695130586e-06
383.0 3.65673624797e-06
384.0 5.57216952072e-06
385.0 6.09456041329e-06
386.0 4.87564833063e-06
387.0 6.09456041329e-06
388.0 6.9652119009e-06
389.0 7.48760279347e-06
390.0 7.48760279347e-06
391.0 7.66173309099e-06
392.0 9.22890576869e-06
393.0 8.35825428108e-06
394.0 8.35825428108e-06
395.0 8.18412398356e-06
396.0 7.31347249595e-06
397.0 8.00999368604e-06
398.0 1.07960784464e-05
399.0 1.1318469339e-05
400.0 1.00995572563e-05
401.0 8.5323845786e-06
402.0 1.09702087439e-05
403.0 1.11443390414e-05
404.0 1.21891208266e-05
405.0 1.32339026117e-05
406.0 1.41045540993e-05
407.0 1.14925996365e-05
408.0 1.30597723142e-05
409.0 1.61941176696e-05
410.0 1.18408602315e-05
411.0 1.42786843968e-05
412.0 1.49752055869e-05
413.0 1.84578115374e-05
414.0 1.75871600498e-05
415.0 1.74130297523e-05
416.0 1.82836812399e-05
417.0 2.14180265953e-05
418.0 2.12438962977e-05
419.0 2.2985199273e-05
420.0 1.81095509423e-05
421.0 1.967672362e-05
422.0 2.10697660002e-05
423.0 1.98508539176e-05
424.0 2.24628083804e-05
425.0 2.26369386779e-05
426.0 2.26369386779e-05
427.0 2.10697660002e-05
428.0 1.967672362e-05
429.0 1.91543327275e-05
430.0 1.86319418349e-05
431.0 1.88060721324e-05
432.0 2.03732448101e-05
433.0 1.72388994547e-05
434.0 1.86319418349e-05
435.0 1.65423782646e-05
436.0 1.88060721324e-05
437.0 1.81095509423e-05
438.0 1.67165085622e-05
439.0 1.88060721324e-05
440.0 1.63682479671e-05
441.0 1.61941176696e-05
442.0 1.21891208266e-05
443.0 1.23632511241e-05
444.0 1.49752055869e-05
445.0 1.63682479671e-05
446.0 1.04478178514e-05
447.0 8.00999368604e-06
448.0 9.92542695878e-06
449.0 1.14925996365e-05
450.0 9.40303606622e-06
451.0 8.70651487613e-06
452.0 1.04478178514e-05
453.0 1.18408602315e-05
454.0 8.88064517365e-06
455.0 1.06219481489e-05
456.0 7.31347249595e-06
457.0 6.79108160338e-06
458.0 9.57716636374e-06
459.0 1.00995572563e-05
460.0 6.9652119009e-06
461.0 9.05477547117e-06
462.0 8.5323845786e-06
463.0 6.9652119009e-06
464.0 6.61695130586e-06
465.0 7.66173309099e-06
466.0 7.83586338851e-06
467.0 9.92542695878e-06
468.0 9.92542695878e-06
469.0 5.92043011577e-06
470.0 7.83586338851e-06
471.0 8.88064517365e-06
472.0 7.13934219842e-06
473.0 5.3980392232e-06
474.0 6.09456041329e-06
475.0 6.26869071081e-06
476.0 7.31347249595e-06
477.0 6.44282100833e-06
478.0 7.31347249595e-06
479.0 5.57216952072e-06
480.0 8.5323845786e-06
481.0 4.87564833063e-06
482.0 7.31347249595e-06
483.0 7.13934219842e-06
484.0 6.79108160338e-06
485.0 7.31347249595e-06
486.0 5.92043011577e-06
487.0 5.57216952072e-06
488.0 9.22890576869e-06
489.0 8.35825428108e-06
490.0 5.57216952072e-06
491.0 9.05477547117e-06
492.0 7.13934219842e-06
493.0 5.3980392232e-06
494.0 6.79108160338e-06
495.0 8.00999368604e-06
496.0 5.74629981824e-06
497.0 5.92043011577e-06
498.0 7.66173309099e-06
499.0 7.83586338851e-06
500.0 5.57216952072e-06
501.0 6.9652119009e-06
502.0 5.74629981824e-06
503.0 6.44282100833e-06
504.0 5.74629981824e-06
505.0 7.83586338851e-06
506.0 6.61695130586e-06
507.0 6.61695130586e-06
508.0 5.92043011577e-06
509.0 4.52738773559e-06
510.0 6.79108160338e-06
511.0 5.3980392232e-06
512.0 4.00499684302e-06
513.0 3.65673624797e-06
514.0 4.35325743806e-06
515.0 4.35325743806e-06
516.0 4.52738773559e-06
517.0 5.57216952072e-06
518.0 3.65673624797e-06
519.0 4.00499684302e-06
520.0 5.57216952072e-06
521.0 3.65673624797e-06
522.0 3.8308665455e-06
523.0 5.3980392232e-06
524.0 4.35325743806e-06
525.0 4.70151803311e-06
526.0 5.04977862815e-06
527.0 3.65673624797e-06
528.0 3.48260595045e-06
529.0 3.65673624797e-06
530.0 3.48260595045e-06
531.0 4.52738773559e-06
532.0 4.87564833063e-06
533.0 5.04977862815e-06
534.0 4.87564833063e-06
535.0 4.00499684302e-06
536.0 4.70151803311e-06
537.0 5.22390892568e-06
538.0 3.8308665455e-06
539.0 3.48260595045e-06
540.0 3.65673624797e-06
541.0 3.8308665455e-06
542.0 2.96021505788e-06
543.0 2.96021505788e-06
544.0 4.00499684302e-06
545.0 2.96021505788e-06
546.0 4.00499684302e-06
547.0 2.78608476036e-06
548.0 2.26369386779e-06
549.0 2.78608476036e-06
550.0 3.30847565293e-06
551.0 3.65673624797e-06
552.0 2.96021505788e-06
553.0 3.13434535541e-06
554.0 1.91543327275e-06
555.0 2.43782416532e-06
556.0 3.13434535541e-06
557.0 2.96021505788e-06
558.0 3.13434535541e-06
559.0 2.26369386779e-06
560.0 2.61195446284e-06
561.0 1.39304238018e-06
562.0 2.08956357027e-06
563.0 2.61195446284e-06
564.0 2.78608476036e-06
565.0 2.61195446284e-06
566.0 3.8308665455e-06
567.0 2.78608476036e-06
568.0 2.78608476036e-06
569.0 1.74130297523e-06
570.0 3.48260595045e-06
571.0 3.13434535541e-06
572.0 2.96021505788e-06
573.0 2.43782416532e-06
574.0 2.61195446284e-06
575.0 1.5671726777e-06
576.0 2.61195446284e-06
577.0 4.00499684302e-06
578.0 2.96021505788e-06
579.0 3.30847565293e-06
580.0 2.43782416532e-06
581.0 1.91543327275e-06
582.0 2.43782416532e-06
583.0 4.17912714054e-06
584.0 2.43782416532e-06
585.0 2.78608476036e-06
586.0 2.61195446284e-06
587.0 2.78608476036e-06
588.0 3.30847565293e-06
589.0 2.43782416532e-06
590.0 3.48260595045e-06
591.0 3.48260595045e-06
592.0 3.30847565293e-06
593.0 3.13434535541e-06
594.0 2.96021505788e-06
595.0 2.61195446284e-06
596.0 3.13434535541e-06
597.0 3.13434535541e-06
598.0 2.26369386779e-06
599.0 3.30847565293e-06
600.0 2.96021505788e-06
601.0 2.26369386779e-06
602.0 2.26369386779e-06
603.0 2.26369386779e-06
604.0 3.13434535541e-06
605.0 1.5671726777e-06
606.0 2.78608476036e-06
607.0 4.35325743806e-06
608.0 1.74130297523e-06
609.0 3.65673624797e-06
610.0 3.8308665455e-06
611.0 2.96021505788e-06
612.0 3.30847565293e-06
613.0 2.43782416532e-06
614.0 2.26369386779e-06
615.0 2.26369386779e-06
616.0 2.78608476036e-06
617.0 4.00499684302e-06
618.0 3.8308665455e-06
619.0 4.70151803311e-06
620.0 3.48260595045e-06
621.0 4.00499684302e-06
622.0 2.61195446284e-06
623.0 2.08956357027e-06
624.0 3.30847565293e-06
625.0 2.61195446284e-06
626.0 2.08956357027e-06
627.0 2.61195446284e-06
628.0 2.61195446284e-06
629.0 3.13434535541e-06
630.0 2.43782416532e-06
631.0 3.65673624797e-06
632.0 2.78608476036e-06
633.0 3.65673624797e-06
634.0 4.35325743806e-06
635.0 2.78608476036e-06
636.0 2.78608476036e-06
637.0 4.17912714054e-06
638.0 3.30847565293e-06
639.0 3.13434535541e-06
640.0 5.04977862815e-06
641.0 4.17912714054e-06
642.0 2.61195446284e-06
643.0 3.30847565293e-06
644.0 2.96021505788e-06
645.0 3.8308665455e-06
646.0 3.65673624797e-06
647.0 3.8308665455e-06
648.0 3.13434535541e-06
649.0 3.13434535541e-06
650.0 3.30847565293e-06
651.0 3.30847565293e-06
652.0 3.8308665455e-06
653.0 2.78608476036e-06
654.0 1.74130297523e-06
655.0 2.26369386779e-06
656.0 2.61195446284e-06
657.0 3.13434535541e-06
658.0 3.13434535541e-06
659.0 3.13434535541e-06
660.0 3.8308665455e-06
661.0 3.30847565293e-06
662.0 2.08956357027e-06
663.0 1.5671726777e-06
664.0 3.48260595045e-06
665.0 3.13434535541e-06
666.0 3.8308665455e-06
667.0 2.96021505788e-06
668.0 2.26369386779e-06
669.0 2.61195446284e-06
670.0 3.8308665455e-06
671.0 2.43782416532e-06
672.0 3.13434535541e-06
673.0 4.52738773559e-06
674.0 2.08956357027e-06
675.0 4.00499684302e-06
676.0 2.26369386779e-06
677.0 4.35325743806e-06
678.0 2.08956357027e-06
679.0 2.96021505788e-06
680.0 4.00499684302e-06
681.0 2.61195446284e-06
682.0 2.43782416532e-06
683.0 2.43782416532e-06
684.0 3.48260595045e-06
685.0 3.13434535541e-06
686.0 3.65673624797e-06
687.0 2.26369386779e-06
688.0 2.61195446284e-06
689.0 3.30847565293e-06
690.0 2.96021505788e-06
691.0 3.30847565293e-06
692.0 4.70151803311e-06
693.0 2.61195446284e-06
694.0 3.8308665455e-06
695.0 2.96021505788e-06
696.0 4.70151803311e-06
697.0 4.17912714054e-06
698.0 4.35325743806e-06
699.0 2.43782416532e-06
700.0 4.17912714054e-06
701.0 3.48260595045e-06
702.0 2.43782416532e-06
703.0 4.52738773559e-06
704.0 4.00499684302e-06
705.0 4.00499684302e-06
706.0 4.17912714054e-06
707.0 4.00499684302e-06
708.0 4.00499684302e-06
709.0 2.61195446284e-06
710.0 3.65673624797e-06
711.0 5.22390892568e-06
712.0 6.26869071081e-06
713.0 4.35325743806e-06
714.0 2.96021505788e-06
715.0 4.87564833063e-06
716.0 3.8308665455e-06
717.0 3.48260595045e-06
718.0 6.09456041329e-06
719.0 3.8308665455e-06
720.0 3.13434535541e-06
721.0 4.70151803311e-06
722.0 3.65673624797e-06
723.0 5.22390892568e-06
724.0 4.52738773559e-06
725.0 3.8308665455e-06
726.0 3.48260595045e-06
727.0 5.22390892568e-06
728.0 5.04977862815e-06
729.0 4.17912714054e-06
730.0 5.3980392232e-06
731.0 5.3980392232e-06
732.0 2.96021505788e-06
733.0 3.30847565293e-06
734.0 5.04977862815e-06
735.0 3.65673624797e-06
736.0 4.00499684302e-06
737.0 4.52738773559e-06
738.0 3.8308665455e-06
739.0 4.35325743806e-06
740.0 6.09456041329e-06
741.0 4.17912714054e-06
742.0 3.48260595045e-06
743.0 4.87564833063e-06
744.0 2.96021505788e-06
745.0 5.3980392232e-06
746.0 4.52738773559e-06
747.0 4.70151803311e-06
748.0 4.35325743806e-06
749.0 7.13934219842e-06
750.0 4.70151803311e-06
751.0 5.57216952072e-06
752.0 4.70151803311e-06
753.0 4.70151803311e-06
754.0 5.3980392232e-06
755.0 4.52738773559e-06
756.0 6.09456041329e-06
757.0 5.04977862815e-06
758.0 4.17912714054e-06
759.0 5.3980392232e-06
760.0 5.92043011577e-06
761.0 5.3980392232e-06
762.0 5.04977862815e-06
763.0 4.70151803311e-06
764.0 6.44282100833e-06
765.0 7.66173309099e-06
766.0 5.57216952072e-06
767.0 5.92043011577e-06
768.0 8.70651487613e-06
769.0 6.9652119009e-06
770.0 5.04977862815e-06
771.0 4.70151803311e-06
772.0 5.57216952072e-06
773.0 4.52738773559e-06
774.0 4.70151803311e-06
775.0 4.70151803311e-06
776.0 6.9652119009e-06
777.0 4.52738773559e-06
778.0 6.26869071081e-06
779.0 7.66173309099e-06
780.0 5.74629981824e-06
781.0 5.74629981824e-06
782.0 6.09456041329e-06
783.0 4.00499684302e-06
784.0 5.74629981824e-06
785.0 6.79108160338e-06
786.0 6.44282100833e-06
787.0 6.26869071081e-06
788.0 4.87564833063e-06
789.0 5.22390892568e-06
790.0 5.57216952072e-06
791.0 4.87564833063e-06
792.0 6.09456041329e-06
793.0 7.13934219842e-06
794.0 5.57216952072e-06
795.0 5.74629981824e-06
796.0 6.61695130586e-06
797.0 6.79108160338e-06
798.0 6.26869071081e-06
799.0 6.79108160338e-06
800.0 6.26869071081e-06
801.0 5.57216952072e-06
802.0 4.70151803311e-06
803.0 7.31347249595e-06
804.0 6.61695130586e-06
805.0 5.04977862815e-06
806.0 5.57216952072e-06
807.0 6.09456041329e-06
808.0 6.26869071081e-06
809.0 5.92043011577e-06
810.0 5.57216952072e-06
811.0 6.26869071081e-06
812.0 5.04977862815e-06
813.0 8.35825428108e-06
814.0 5.04977862815e-06
815.0 6.61695130586e-06
816.0 6.79108160338e-06
817.0 5.3980392232e-06
818.0 7.66173309099e-06
819.0 5.57216952072e-06
820.0 8.88064517365e-06
821.0 7.13934219842e-06
822.0 5.57216952072e-06
823.0 5.92043011577e-06
824.0 7.31347249595e-06
825.0 4.87564833063e-06
826.0 5.57216952072e-06
827.0 6.26869071081e-06
828.0 4.52738773559e-06
829.0 5.74629981824e-06
830.0 7.66173309099e-06
831.0 6.61695130586e-06
832.0 8.88064517365e-06
833.0 6.09456041329e-06
834.0 9.22890576869e-06
835.0 7.13934219842e-06
836.0 7.13934219842e-06
837.0 5.74629981824e-06
838.0 7.48760279347e-06
839.0 5.92043011577e-06
840.0 7.48760279347e-06
841.0 7.66173309099e-06
842.0 7.13934219842e-06
843.0 7.66173309099e-06
844.0 5.92043011577e-06
845.0 9.22890576869e-06
846.0 7.48760279347e-06
847.0 7.31347249595e-06
848.0 6.9652119009e-06
849.0 6.44282100833e-06
850.0 6.44282100833e-06
851.0 7.83586338851e-06
852.0 7.31347249595e-06
853.0 7.66173309099e-06
854.0 8.00999368604e-06
855.0 8.18412398356e-06
856.0 1.09702087439e-05
857.0 6.9652119009e-06
858.0 6.9652119009e-06
859.0 9.05477547117e-06
860.0 7.31347249595e-06
861.0 6.44282100833e-06
862.0 7.31347249595e-06
863.0 8.88064517365e-06
864.0 9.40303606622e-06
865.0 9.57716636374e-06
866.0 7.83586338851e-06
867.0 7.31347249595e-06
868.0 8.70651487613e-06
869.0 8.70651487613e-06
870.0 7.83586338851e-06
871.0 6.61695130586e-06
872.0 8.88064517365e-06
873.0 9.57716636374e-06
874.0 8.5323845786e-06
875.0 1.00995572563e-05
876.0 9.40303606622e-06
877.0 9.05477547117e-06
878.0 8.5323845786e-06
879.0 8.35825428108e-06
880.0 9.40303606622e-06
881.0 7.31347249595e-06
882.0 7.66173309099e-06
883.0 7.83586338851e-06
884.0 7.83586338851e-06
885.0 6.44282100833e-06
886.0 1.00995572563e-05
887.0 8.18412398356e-06
888.0 8.00999368604e-06
889.0 1.07960784464e-05
890.0 8.00999368604e-06
891.0 8.88064517365e-06
892.0 8.35825428108e-06
893.0 9.22890576869e-06
894.0 6.79108160338e-06
895.0 9.22890576869e-06
896.0 6.79108160338e-06
897.0 8.5323845786e-06
898.0 7.31347249595e-06
899.0 5.92043011577e-06
900.0 5.74629981824e-06
901.0 7.31347249595e-06
902.0 6.09456041329e-06
903.0 6.9652119009e-06
904.0 5.57216952072e-06
905.0 5.22390892568e-06
906.0 7.48760279347e-06
907.0 5.22390892568e-06
908.0 7.66173309099e-06
909.0 6.44282100833e-06
910.0 5.92043011577e-06
911.0 6.44282100833e-06
912.0 6.26869071081e-06
913.0 4.70151803311e-06
914.0 7.13934219842e-06
915.0 5.3980392232e-06
916.0 5.22390892568e-06
917.0 6.79108160338e-06
918.0 6.61695130586e-06
919.0 1.02736875538e-05
920.0 5.22390892568e-06
921.0 4.70151803311e-06
922.0 4.52738773559e-06
923.0 5.57216952072e-06
924.0 6.61695130586e-06
925.0 7.66173309099e-06
926.0 6.26869071081e-06
927.0 5.04977862815e-06
928.0 5.57216952072e-06
929.0 5.74629981824e-06
930.0 3.65673624797e-06
931.0 6.26869071081e-06
932.0 7.31347249595e-06
933.0 4.00499684302e-06
934.0 5.57216952072e-06
935.0 8.00999368604e-06
936.0 5.57216952072e-06
937.0 4.52738773559e-06
938.0 4.52738773559e-06
939.0 4.35325743806e-06
940.0 5.22390892568e-06
941.0 5.92043011577e-06
942.0 4.70151803311e-06
943.0 5.92043011577e-06
944.0 6.26869071081e-06
945.0 5.04977862815e-06
946.0 6.26869071081e-06
947.0 4.52738773559e-06
948.0 4.70151803311e-06
949.0 5.22390892568e-06
950.0 5.3980392232e-06
951.0 5.04977862815e-06
952.0 4.35325743806e-06
953.0 5.3980392232e-06
954.0 5.57216952072e-06
955.0 4.35325743806e-06
956.0 4.70151803311e-06
957.0 7.31347249595e-06
958.0 6.09456041329e-06
959.0 6.79108160338e-06
960.0 5.3980392232e-06
961.0 5.92043011577e-06
962.0 5.57216952072e-06
963.0 6.61695130586e-06
964.0 5.04977862815e-06
965.0 4.52738773559e-06
966.0 5.3980392232e-06
967.0 5.57216952072e-06
968.0 4.87564833063e-06
969.0 4.87564833063e-06
970.0 5.22390892568e-06
971.0 4.87564833063e-06
972.0 5.3980392232e-06
973.0 6.44282100833e-06
974.0 4.35325743806e-06
975.0 5.04977862815e-06
976.0 5.74629981824e-06
977.0 5.3980392232e-06
978.0 4.87564833063e-06
979.0 5.22390892568e-06
980.0 5.3980392232e-06
981.0 4.00499684302e-06
982.0 3.65673624797e-06
983.0 6.9652119009e-06
984.0 6.44282100833e-06
985.0 5.57216952072e-06
986.0 7.13934219842e-06
987.0 6.26869071081e-06
988.0 5.57216952072e-06
989.0 5.92043011577e-06
990.0 6.09456041329e-06
991.0 6.44282100833e-06
992.0 4.87564833063e-06
993.0 3.30847565293e-06
994.0 4.00499684302e-06
995.0 5.74629981824e-06
996.0 5.04977862815e-06
997.0 6.79108160338e-06
998.0 6.09456041329e-06
999.0 7.83586338851e-06
1000.0 5.74629981824e-06
1001.0 6.09456041329e-06
1002.0 6.44282100833e-06
1003.0 4.00499684302e-06
1004.0 6.26869071081e-06
1005.0 8.5323845786e-06
1006.0 6.26869071081e-06
1007.0 5.92043011577e-06
1008.0 6.09456041329e-06
1009.0 6.44282100833e-06
1010.0 5.74629981824e-06
1011.0 6.09456041329e-06
1012.0 6.9652119009e-06
1013.0 4.00499684302e-06
1014.0 5.92043011577e-06
1015.0 8.18412398356e-06
1016.0 8.18412398356e-06
1017.0 5.22390892568e-06
1018.0 6.09456041329e-06
1019.0 6.09456041329e-06
1020.0 5.04977862815e-06
1021.0 7.13934219842e-06
1022.0 9.40303606622e-06
1023.0 6.79108160338e-06
1024.0 7.31347249595e-06
1025.0 7.31347249595e-06
1026.0 6.26869071081e-06
1027.0 8.00999368604e-06
1028.0 8.18412398356e-06
1029.0 7.66173309099e-06
1030.0 6.44282100833e-06
1031.0 7.66173309099e-06
1032.0 6.09456041329e-06
1033.0 5.04977862815e-06
1034.0 5.74629981824e-06
1035.0 8.00999368604e-06
1036.0 7.31347249595e-06
1037.0 7.83586338851e-06
1038.0 9.75129666126e-06
1039.0 6.26869071081e-06
1040.0 8.00999368604e-06
1041.0 8.5323845786e-06
1042.0 9.05477547117e-06
1043.0 8.5323845786e-06
1044.0 9.22890576869e-06
1045.0 7.83586338851e-06
1046.0 7.48760279347e-06
1047.0 8.35825428108e-06
1048.0 7.83586338851e-06
1049.0 9.57716636374e-06
1050.0 9.57716636374e-06
1051.0 6.9652119009e-06
1052.0 8.70651487613e-06
1053.0 6.44282100833e-06
1054.0 8.70651487613e-06
1055.0 5.57216952072e-06
1056.0 1.06219481489e-05
1057.0 1.09702087439e-05
1058.0 9.40303606622e-06
1059.0 8.88064517365e-06
1060.0 8.70651487613e-06
1061.0 9.40303606622e-06
1062.0 9.75129666126e-06
1063.0 1.1666729934e-05
1064.0 9.57716636374e-06
1065.0 1.1318469339e-05
1066.0 9.05477547117e-06
1067.0 8.35825428108e-06
1068.0 9.40303606622e-06
1069.0 9.22890576869e-06
1070.0 8.35825428108e-06
1071.0 9.75129666126e-06
1072.0 8.88064517365e-06
1073.0 9.75129666126e-06
1074.0 1.21891208266e-05
1075.0 1.04478178514e-05
1076.0 8.88064517365e-06
1077.0 9.40303606622e-06
1078.0 1.06219481489e-05
1079.0 1.11443390414e-05
1080.0 1.11443390414e-05
1081.0 9.40303606622e-06
1082.0 9.40303606622e-06
1083.0 1.04478178514e-05
1084.0 1.04478178514e-05
1085.0 9.75129666126e-06
1086.0 1.34080329092e-05
1087.0 9.92542695878e-06
1088.0 1.14925996365e-05
1089.0 1.20149905291e-05
1090.0 1.04478178514e-05
1091.0 1.44528146944e-05
1092.0 9.57716636374e-06
1093.0 1.20149905291e-05
1094.0 1.09702087439e-05
1095.0 1.1318469339e-05
1096.0 1.30597723142e-05
1097.0 1.1666729934e-05
1098.0 1.28856420167e-05
1099.0 1.30597723142e-05
1100.0 1.11443390414e-05
1101.0 1.37562935043e-05
1102.0 1.14925996365e-05
1103.0 1.35821632068e-05
1104.0 9.40303606622e-06
1105.0 1.18408602315e-05
1106.0 1.51493358845e-05
1107.0 1.28856420167e-05
1108.0 9.92542695878e-06
1109.0 1.44528146944e-05
1110.0 1.30597723142e-05
1111.0 1.18408602315e-05
1112.0 1.34080329092e-05
1113.0 1.18408602315e-05
1114.0 9.57716636374e-06
1115.0 1.27115117191e-05
1116.0 1.34080329092e-05
1117.0 1.21891208266e-05
1118.0 1.27115117191e-05
1119.0 1.20149905291e-05
1120.0 1.18408602315e-05
1121.0 1.58458570745e-05
1122.0 1.30597723142e-05
1123.0 1.30597723142e-05
1124.0 1.49752055869e-05
1125.0 1.61941176696e-05
1126.0 1.44528146944e-05
1127.0 1.5323466182e-05
1128.0 1.49752055869e-05
1129.0 1.65423782646e-05
1130.0 1.30597723142e-05
1131.0 1.39304238018e-05
1132.0 1.42786843968e-05
1133.0 1.30597723142e-05
1134.0 1.58458570745e-05
1135.0 1.46269449919e-05
1136.0 1.54975964795e-05
1137.0 1.67165085622e-05
1138.0 1.37562935043e-05
1139.0 1.60199873721e-05
1140.0 1.86319418349e-05
1141.0 1.65423782646e-05
1142.0 1.79354206448e-05
1143.0 1.68906388597e-05
1144.0 1.39304238018e-05
1145.0 1.51493358845e-05
1146.0 1.58458570745e-05
1147.0 1.65423782646e-05
1148.0 1.63682479671e-05
1149.0 1.77612903473e-05
1150.0 1.98508539176e-05
1151.0 1.51493358845e-05
1152.0 1.5323466182e-05
1153.0 2.28110689754e-05
1154.0 1.67165085622e-05
1155.0 1.898020243e-05
1156.0 1.51493358845e-05
1157.0 1.84578115374e-05
1158.0 1.63682479671e-05
1159.0 1.81095509423e-05
1160.0 1.88060721324e-05
1161.0 1.91543327275e-05
1162.0 1.967672362e-05
1163.0 1.86319418349e-05
1164.0 1.72388994547e-05
1165.0 2.00249842151e-05
1166.0 2.19404174878e-05
1167.0 1.88060721324e-05
1168.0 2.21145477854e-05
1169.0 2.22886780829e-05
1170.0 1.54975964795e-05
1171.0 1.88060721324e-05
1172.0 1.86319418349e-05
1173.0 1.61941176696e-05
1174.0 1.95025933225e-05
1175.0 2.10697660002e-05
1176.0 2.38558507606e-05
1177.0 2.07215054052e-05
1178.0 1.86319418349e-05
1179.0 2.22886780829e-05
1180.0 1.82836812399e-05
1181.0 2.10697660002e-05
1182.0 2.08956357027e-05
1183.0 1.967672362e-05
1184.0 1.84578115374e-05
1185.0 1.74130297523e-05
1186.0 1.91543327275e-05
1187.0 1.967672362e-05
1188.0 1.9328463025e-05
1189.0 1.95025933225e-05
1190.0 2.08956357027e-05
1191.0 2.01991145126e-05
1192.0 1.60199873721e-05
1193.0 2.07215054052e-05
1194.0 1.72388994547e-05
1195.0 1.82836812399e-05
1196.0 1.898020243e-05
1197.0 1.88060721324e-05
1198.0 1.967672362e-05
1199.0 1.75871600498e-05
1200.0 1.82836812399e-05
1201.0 1.86319418349e-05
1202.0 1.91543327275e-05
1203.0 1.79354206448e-05
1204.0 1.61941176696e-05
1205.0 1.67165085622e-05
1206.0 2.12438962977e-05
1207.0 1.95025933225e-05
1208.0 1.5671726777e-05
1209.0 1.82836812399e-05
1210.0 1.967672362e-05
1211.0 1.67165085622e-05
1212.0 1.82836812399e-05
1213.0 1.54975964795e-05
1214.0 1.74130297523e-05
1215.0 1.49752055869e-05
1216.0 1.75871600498e-05
1217.0 1.81095509423e-05
1218.0 1.68906388597e-05
1219.0 1.42786843968e-05
1220.0 1.84578115374e-05
1221.0 1.5323466182e-05
1222.0 1.5323466182e-05
1223.0 1.68906388597e-05
1224.0 1.70647691572e-05
1225.0 1.34080329092e-05
1226.0 1.68906388597e-05
1227.0 1.39304238018e-05
1228.0 1.41045540993e-05
1229.0 1.54975964795e-05
1230.0 1.32339026117e-05
1231.0 1.5671726777e-05
1232.0 1.30597723142e-05
1233.0 1.58458570745e-05
1234.0 1.20149905291e-05
1235.0 1.32339026117e-05
1236.0 1.72388994547e-05
1237.0 1.51493358845e-05
1238.0 1.5671726777e-05
1239.0 1.41045540993e-05
1240.0 1.28856420167e-05
1241.0 1.48010752894e-05
1242.0 1.30597723142e-05
1243.0 1.39304238018e-05
1244.0 1.07960784464e-05
1245.0 1.37562935043e-05
1246.0 1.46269449919e-05
1247.0 1.44528146944e-05
1248.0 1.61941176696e-05
1249.0 1.23632511241e-05
1250.0 1.18408602315e-05
1251.0 1.28856420167e-05
1252.0 1.18408602315e-05
1253.0 1.20149905291e-05
1254.0 1.09702087439e-05
1255.0 1.30597723142e-05
1256.0 1.25373814216e-05
1257.0 1.02736875538e-05
1258.0 1.18408602315e-05
1259.0 9.05477547117e-06
1260.0 1.28856420167e-05
1261.0 1.25373814216e-05
1262.0 9.92542695878e-06
1263.0 1.34080329092e-05
1264.0 1.11443390414e-05
1265.0 9.75129666126e-06
1266.0 1.21891208266e-05
1267.0 8.5323845786e-06
1268.0 1.09702087439e-05
1269.0 1.18408602315e-05
1270.0 8.70651487613e-06
1271.0 8.35825428108e-06
1272.0 9.75129666126e-06
1273.0 8.88064517365e-06
1274.0 1.04478178514e-05
1275.0 1.21891208266e-05
1276.0 9.05477547117e-06
1277.0 8.70651487613e-06
1278.0 9.05477547117e-06
1279.0 8.88064517365e-06
1280.0 9.22890576869e-06
1281.0 1.02736875538e-05
1282.0 8.00999368604e-06
1283.0 8.88064517365e-06
1284.0 7.31347249595e-06
1285.0 1.02736875538e-05
1286.0 1.07960784464e-05
1287.0 9.57716636374e-06
1288.0 9.05477547117e-06
1289.0 8.18412398356e-06
1290.0 8.70651487613e-06
1291.0 9.40303606622e-06
1292.0 9.05477547117e-06
1293.0 7.66173309099e-06
1294.0 9.92542695878e-06
1295.0 7.83586338851e-06
1296.0 6.9652119009e-06
1297.0 7.31347249595e-06
1298.0 9.75129666126e-06
1299.0 8.18412398356e-06
1300.0 7.48760279347e-06
1301.0 8.00999368604e-06
1302.0 7.83586338851e-06
1303.0 6.44282100833e-06
1304.0 7.48760279347e-06
1305.0 8.5323845786e-06
1306.0 6.79108160338e-06
1307.0 9.05477547117e-06
1308.0 6.9652119009e-06
1309.0 9.40303606622e-06
1310.0 8.5323845786e-06
1311.0 7.13934219842e-06
1312.0 7.31347249595e-06
1313.0 8.5323845786e-06
1314.0 7.48760279347e-06
1315.0 7.66173309099e-06
1316.0 6.61695130586e-06
1317.0 6.79108160338e-06
1318.0 8.35825428108e-06
1319.0 7.83586338851e-06
1320.0 6.79108160338e-06
1321.0 7.48760279347e-06
1322.0 7.48760279347e-06
1323.0 7.66173309099e-06
1324.0 6.44282100833e-06
1325.0 7.13934219842e-06
1326.0 5.22390892568e-06
1327.0 6.79108160338e-06
1328.0 5.04977862815e-06
1329.0 7.31347249595e-06
1330.0 6.26869071081e-06
1331.0 5.57216952072e-06
1332.0 6.09456041329e-06
1333.0 8.00999368604e-06
1334.0 6.79108160338e-06
1335.0 6.9652119009e-06
1336.0 6.26869071081e-06
1337.0 6.79108160338e-06
1338.0 6.79108160338e-06
1339.0 4.52738773559e-06
1340.0 5.74629981824e-06
1341.0 5.3980392232e-06
1342.0 7.48760279347e-06
1343.0 5.92043011577e-06
1344.0 8.00999368604e-06
1345.0 6.44282100833e-06
1346.0 6.61695130586e-06
1347.0 3.8308665455e-06
1348.0 4.17912714054e-06
1349.0 5.04977862815e-06
1350.0 4.52738773559e-06
1351.0 6.09456041329e-06
1352.0 4.87564833063e-06
1353.0 6.09456041329e-06
1354.0 6.26869071081e-06
1355.0 6.9652119009e-06
1356.0 5.22390892568e-06
1357.0 4.35325743806e-06
1358.0 3.8308665455e-06
1359.0 4.52738773559e-06
1360.0 5.04977862815e-06
1361.0 3.8308665455e-06
1362.0 6.09456041329e-06
1363.0 5.3980392232e-06
1364.0 4.87564833063e-06
1365.0 5.74629981824e-06
1366.0 4.87564833063e-06
1367.0 2.96021505788e-06
1368.0 4.00499684302e-06
1369.0 5.22390892568e-06
1370.0 4.52738773559e-06
1371.0 5.04977862815e-06
1372.0 3.30847565293e-06
1373.0 4.17912714054e-06
1374.0 4.70151803311e-06
1375.0 4.70151803311e-06
1376.0 3.65673624797e-06
1377.0 5.92043011577e-06
1378.0 4.17912714054e-06
1379.0 5.92043011577e-06
1380.0 4.70151803311e-06
1381.0 3.8308665455e-06
1382.0 4.17912714054e-06
1383.0 3.30847565293e-06
1384.0 4.17912714054e-06
1385.0 2.96021505788e-06
1386.0 4.00499684302e-06
1387.0 2.43782416532e-06
1388.0 3.65673624797e-06
1389.0 2.96021505788e-06
1390.0 4.70151803311e-06
1391.0 3.13434535541e-06
1392.0 3.13434535541e-06
1393.0 3.30847565293e-06
1394.0 4.00499684302e-06
1395.0 3.13434535541e-06
1396.0 3.65673624797e-06
1397.0 3.48260595045e-06
1398.0 5.04977862815e-06
1399.0 4.00499684302e-06
1400.0 2.43782416532e-06
1401.0 3.30847565293e-06
1402.0 3.8308665455e-06
1403.0 3.30847565293e-06
1404.0 3.30847565293e-06
1405.0 3.8308665455e-06
1406.0 3.13434535541e-06
1407.0 3.30847565293e-06
1408.0 2.96021505788e-06
1409.0 2.61195446284e-06
1410.0 2.08956357027e-06
1411.0 2.78608476036e-06
1412.0 2.43782416532e-06
1413.0 4.00499684302e-06
1414.0 3.48260595045e-06
1415.0 4.17912714054e-06
1416.0 3.8308665455e-06
1417.0 2.43782416532e-06
1418.0 2.96021505788e-06
1419.0 3.65673624797e-06
1420.0 2.78608476036e-06
1421.0 2.96021505788e-06
1422.0 2.61195446284e-06
1423.0 3.30847565293e-06
1424.0 1.39304238018e-06
1425.0 2.96021505788e-06
1426.0 2.96021505788e-06
1427.0 2.96021505788e-06
1428.0 1.91543327275e-06
1429.0 1.91543327275e-06
1430.0 2.78608476036e-06
1431.0 2.96021505788e-06
1432.0 3.65673624797e-06
1433.0 3.13434535541e-06
1434.0 2.96021505788e-06
1435.0 1.21891208266e-06
1436.0 2.96021505788e-06
1437.0 2.08956357027e-06
1438.0 3.48260595045e-06
1439.0 2.61195446284e-06
1440.0 2.61195446284e-06
1441.0 1.91543327275e-06
1442.0 2.26369386779e-06
1443.0 1.74130297523e-06
1444.0 2.78608476036e-06
1445.0 1.91543327275e-06
1446.0 8.70651487613e-07
1447.0 2.96021505788e-06
1448.0 2.78608476036e-06
1449.0 2.43782416532e-06
1450.0 3.13434535541e-06
1451.0 2.08956357027e-06
1452.0 2.61195446284e-06
1453.0 1.74130297523e-06
1454.0 1.91543327275e-06
1455.0 2.26369386779e-06
1456.0 3.13434535541e-06
1457.0 2.26369386779e-06
1458.0 2.08956357027e-06
1459.0 2.26369386779e-06
1460.0 2.43782416532e-06
1461.0 2.26369386779e-06
1462.0 2.08956357027e-06
1463.0 1.74130297523e-06
1464.0 1.91543327275e-06
1465.0 2.26369386779e-06
1466.0 2.43782416532e-06
1467.0 1.21891208266e-06
1468.0 2.26369386779e-06
1469.0 2.43782416532e-06
1470.0 1.91543327275e-06
1471.0 1.21891208266e-06
1472.0 8.70651487613e-07
1473.0 1.91543327275e-06
1474.0 2.26369386779e-06
1475.0 2.78608476036e-06
1476.0 4.00499684302e-06
1477.0 2.08956357027e-06
1478.0 2.26369386779e-06
1479.0 2.61195446284e-06
1480.0 1.91543327275e-06
1481.0 1.5671726777e-06
1482.0 1.5671726777e-06
1483.0 1.5671726777e-06
1484.0 1.74130297523e-06
1485.0 1.5671726777e-06
1486.0 2.08956357027e-06
1487.0 2.08956357027e-06
1488.0 1.21891208266e-06
1489.0 1.04478178514e-06
1490.0 1.91543327275e-06
1491.0 1.39304238018e-06
1492.0 2.08956357027e-06
1493.0 1.21891208266e-06
1494.0 1.74130297523e-06
1495.0 1.39304238018e-06
1496.0 2.43782416532e-06
1497.0 1.91543327275e-06
1498.0 1.21891208266e-06
1499.0 1.39304238018e-06
1500.0 1.39304238018e-06
1501.0 1.74130297523e-06
1502.0 5.22390892568e-07
1503.0 1.91543327275e-06
1504.0 2.61195446284e-06
1505.0 1.5671726777e-06
1506.0 2.08956357027e-06
1507.0 2.26369386779e-06
1508.0 2.08956357027e-06
1509.0 1.39304238018e-06
1510.0 1.39304238018e-06
1511.0 1.21891208266e-06
1512.0 2.61195446284e-06
1513.0 1.04478178514e-06
1514.0 1.04478178514e-06
1515.0 1.91543327275e-06
1516.0 6.9652119009e-07
1517.0 1.5671726777e-06
1518.0 1.39304238018e-06
1519.0 8.70651487613e-07
1520.0 1.04478178514e-06
1521.0 1.21891208266e-06
1522.0 1.91543327275e-06
1523.0 2.61195446284e-06
1524.0 2.61195446284e-06
1525.0 1.21891208266e-06
1526.0 2.08956357027e-06
1527.0 8.70651487613e-07
1528.0 1.04478178514e-06
1529.0 5.22390892568e-07
1530.0 1.39304238018e-06
1531.0 1.39304238018e-06
1532.0 1.04478178514e-06
1533.0 5.22390892568e-07
1534.0 3.48260595045e-07
1535.0 6.9652119009e-07
1536.0 1.39304238018e-06
1537.0 1.21891208266e-06
1538.0 1.5671726777e-06
1539.0 8.70651487613e-07
1540.0 1.04478178514e-06
1541.0 8.70651487613e-07
1542.0 1.21891208266e-06
1543.0 3.48260595045e-07
1544.0 2.26369386779e-06
1545.0 2.26369386779e-06
1546.0 5.22390892568e-07
1547.0 1.04478178514e-06
1548.0 1.5671726777e-06
1549.0 1.91543327275e-06
1550.0 1.21891208266e-06
1551.0 1.39304238018e-06
1552.0 1.39304238018e-06
1553.0 8.70651487613e-07
1554.0 1.21891208266e-06
1555.0 8.70651487613e-07
1556.0 1.5671726777e-06
1557.0 6.9652119009e-07
1558.0 8.70651487613e-07
1559.0 8.70651487613e-07
1560.0 5.22390892568e-07
1561.0 1.74130297523e-06
1562.0 1.74130297523e-07
1563.0 5.22390892568e-07
1564.0 1.39304238018e-06
1565.0 5.22390892568e-07
1566.0 5.22390892568e-07
1567.0 6.9652119009e-07
1568.0 1.74130297523e-06
1569.0 8.70651487613e-07
1570.0 1.21891208266e-06
1571.0 1.5671726777e-06
1572.0 1.74130297523e-07
1573.0 6.9652119009e-07
1574.0 5.22390892568e-07
1575.0 6.9652119009e-07
1576.0 1.5671726777e-06
1577.0 8.70651487613e-07
1578.0 1.04478178514e-06
1579.0 1.74130297523e-07
1580.0 1.21891208266e-06
1581.0 1.39304238018e-06
1582.0 5.22390892568e-07
1583.0 5.22390892568e-07
1584.0 6.9652119009e-07
1585.0 8.70651487613e-07
1586.0 1.04478178514e-06
1587.0 1.21891208266e-06
1588.0 5.22390892568e-07
1589.0 3.48260595045e-07
1590.0 6.9652119009e-07
1591.0 6.9652119009e-07
1592.0 1.21891208266e-06
1593.0 8.70651487613e-07
1594.0 1.21891208266e-06
1595.0 1.39304238018e-06
1596.0 8.70651487613e-07
1597.0 3.48260595045e-07
1598.0 1.74130297523e-06
1599.0 6.9652119009e-07
1600.0 1.04478178514e-06
1601.0 5.22390892568e-07
1602.0 1.5671726777e-06
1603.0 6.9652119009e-07
1604.0 6.9652119009e-07
1605.0 1.21891208266e-06
1606.0 1.39304238018e-06
1607.0 1.04478178514e-06
1608.0 1.04478178514e-06
1609.0 1.39304238018e-06
1610.0 1.21891208266e-06
1611.0 1.04478178514e-06
1612.0 8.70651487613e-07
1613.0 1.04478178514e-06
1614.0 1.04478178514e-06
1615.0 1.91543327275e-06
1616.0 3.48260595045e-07
1617.0 1.74130297523e-07
1618.0 1.21891208266e-06
1619.0 8.70651487613e-07
1620.0 6.9652119009e-07
1621.0 1.5671726777e-06
1622.0 6.9652119009e-07
1623.0 1.21891208266e-06
1624.0 8.70651487613e-07
1625.0 6.9652119009e-07
1626.0 6.9652119009e-07
1627.0 6.9652119009e-07
1628.0 6.9652119009e-07
1629.0 1.74130297523e-07
1630.0 6.9652119009e-07
1631.0 8.70651487613e-07
1632.0 1.21891208266e-06
1633.0 1.21891208266e-06
1634.0 8.70651487613e-07
1635.0 2.08956357027e-06
1636.0 8.70651487613e-07
1637.0 8.70651487613e-07
1638.0 8.70651487613e-07
1639.0 1.39304238018e-06
1640.0 2.26369386779e-06
1641.0 6.9652119009e-07
1642.0 3.48260595045e-07
1643.0 6.9652119009e-07
1644.0 3.48260595045e-07
1645.0 1.5671726777e-06
1646.0 1.04478178514e-06
1647.0 1.5671726777e-06
1648.0 1.04478178514e-06
1649.0 1.5671726777e-06
1650.0 2.08956357027e-06
1651.0 1.21891208266e-06
1652.0 3.48260595045e-07
1653.0 1.5671726777e-06
1654.0 1.5671726777e-06
1655.0 1.04478178514e-06
1656.0 5.22390892568e-07
1657.0 1.5671726777e-06
1658.0 1.21891208266e-06
1659.0 6.9652119009e-07
1660.0 1.04478178514e-06
1661.0 3.48260595045e-07
1662.0 1.04478178514e-06
1663.0 1.04478178514e-06
1664.0 1.21891208266e-06
1665.0 1.04478178514e-06
1666.0 8.70651487613e-07
1667.0 8.70651487613e-07
1668.0 8.70651487613e-07
1669.0 8.70651487613e-07
1670.0 8.70651487613e-07
1671.0 6.9652119009e-07
1672.0 1.39304238018e-06
1673.0 1.5671726777e-06
1674.0 6.9652119009e-07
1675.0 5.22390892568e-07
1676.0 6.9652119009e-07
1677.0 1.39304238018e-06
1678.0 1.21891208266e-06
1679.0 1.04478178514e-06
1680.0 1.21891208266e-06
1681.0 5.22390892568e-07
1682.0 1.39304238018e-06
1683.0 1.21891208266e-06
1684.0 1.21891208266e-06
1685.0 2.43782416532e-06
1686.0 1.5671726777e-06
1687.0 8.70651487613e-07
1688.0 1.21891208266e-06
1689.0 1.91543327275e-06
1690.0 8.70651487613e-07
1691.0 1.39304238018e-06
1692.0 1.21891208266e-06
1693.0 2.08956357027e-06
1694.0 1.04478178514e-06
1695.0 1.39304238018e-06
1696.0 1.39304238018e-06
1697.0 1.5671726777e-06
1698.0 1.74130297523e-06
1699.0 2.61195446284e-06
1700.0 8.70651487613e-07
1701.0 6.9652119009e-07
1702.0 1.04478178514e-06
1703.0 2.78608476036e-06
1704.0 2.26369386779e-06
1705.0 1.91543327275e-06
1706.0 1.74130297523e-06
1707.0 1.39304238018e-06
1708.0 2.43782416532e-06
1709.0 1.5671726777e-06
1710.0 1.74130297523e-06
1711.0 2.26369386779e-06
1712.0 1.91543327275e-06
1713.0 2.08956357027e-06
1714.0 2.43782416532e-06
1715.0 2.08956357027e-06
1716.0 2.26369386779e-06
1717.0 2.43782416532e-06
1718.0 2.08956357027e-06
1719.0 2.26369386779e-06
1720.0 1.21891208266e-06
1721.0 1.39304238018e-06
1722.0 2.43782416532e-06
1723.0 2.96021505788e-06
1724.0 3.13434535541e-06
1725.0 3.30847565293e-06
1726.0 2.96021505788e-06
1727.0 4.00499684302e-06
1728.0 1.5671726777e-06
1729.0 2.96021505788e-06
1730.0 2.96021505788e-06
1731.0 1.74130297523e-06
1732.0 2.78608476036e-06
1733.0 2.08956357027e-06
1734.0 2.43782416532e-06
1735.0 1.91543327275e-06
1736.0 1.91543327275e-06
1737.0 5.22390892568e-07
1738.0 1.74130297523e-06
1739.0 1.39304238018e-06
1740.0 2.26369386779e-06
1741.0 1.91543327275e-06
1742.0 1.91543327275e-06
1743.0 2.43782416532e-06
1744.0 1.5671726777e-06
1745.0 1.74130297523e-06
1746.0 2.61195446284e-06
1747.0 1.04478178514e-06
1748.0 1.04478178514e-06
1749.0 1.5671726777e-06
1750.0 1.04478178514e-06
1751.0 2.78608476036e-06
1752.0 1.5671726777e-06
1753.0 1.74130297523e-06
1754.0 1.74130297523e-06
1755.0 1.5671726777e-06
1756.0 1.5671726777e-06
1757.0 1.5671726777e-06
1758.0 1.5671726777e-06
1759.0 1.91543327275e-06
1760.0 1.5671726777e-06
1761.0 6.9652119009e-07
1762.0 1.74130297523e-06
1763.0 1.21891208266e-06
1764.0 1.5671726777e-06
1765.0 1.39304238018e-06
1766.0 8.70651487613e-07
1767.0 1.74130297523e-06
1768.0 8.70651487613e-07
1769.0 1.21891208266e-06
1770.0 8.70651487613e-07
1771.0 1.39304238018e-06
1772.0 6.9652119009e-07
1773.0 8.70651487613e-07
1774.0 1.5671726777e-06
1775.0 6.9652119009e-07
1776.0 1.04478178514e-06
1777.0 1.74130297523e-06
1778.0 1.39304238018e-06
1779.0 8.70651487613e-07
1780.0 1.39304238018e-06
1781.0 1.74130297523e-07
1782.0 6.9652119009e-07
1783.0 1.5671726777e-06
1784.0 1.39304238018e-06
1785.0 1.04478178514e-06
1786.0 1.21891208266e-06
1788.0 3.48260595045e-07
1789.0 1.39304238018e-06
1790.0 6.9652119009e-07
1791.0 8.70651487613e-07
1792.0 8.70651487613e-07
1793.0 8.70651487613e-07
1794.0 6.9652119009e-07
1795.0 6.9652119009e-07
1796.0 8.70651487613e-07
1797.0 6.9652119009e-07
1798.0 1.04478178514e-06
1799.0 3.48260595045e-07
1800.0 5.22390892568e-07
1801.0 6.9652119009e-07
1802.0 1.21891208266e-06
1804.0 6.9652119009e-07
1805.0 3.48260595045e-07
1806.0 5.22390892568e-07
1807.0 1.04478178514e-06
1808.0 8.70651487613e-07
1809.0 3.48260595045e-07
1810.0 6.9652119009e-07
1811.0 8.70651487613e-07
1812.0 1.74130297523e-07
1813.0 5.22390892568e-07
1814.0 8.70651487613e-07
1815.0 1.39304238018e-06
1816.0 1.21891208266e-06
1817.0 8.70651487613e-07
1818.0 8.70651487613e-07
1819.0 8.70651487613e-07
1820.0 3.48260595045e-07
1821.0 5.22390892568e-07
1822.0 3.48260595045e-07
1823.0 6.9652119009e-07
1824.0 5.22390892568e-07
1825.0 6.9652119009e-07
1826.0 6.9652119009e-07
1827.0 3.48260595045e-07
1829.0 5.22390892568e-07
1830.0 5.22390892568e-07
1831.0 3.48260595045e-07
1832.0 1.21891208266e-06
1833.0 6.9652119009e-07
1834.0 3.48260595045e-07
1835.0 3.48260595045e-07
1836.0 1.74130297523e-07
1837.0 5.22390892568e-07
1838.0 3.48260595045e-07
1839.0 5.22390892568e-07
1840.0 1.5671726777e-06
1841.0 3.48260595045e-07
1842.0 1.74130297523e-07
1843.0 6.9652119009e-07
1844.0 3.48260595045e-07
1845.0 1.04478178514e-06
1846.0 8.70651487613e-07
1847.0 3.48260595045e-07
1848.0 6.9652119009e-07
1849.0 5.22390892568e-07
1850.0 5.22390892568e-07
1851.0 1.04478178514e-06
1852.0 1.04478178514e-06
1853.0 5.22390892568e-07
1854.0 1.21891208266e-06
1855.0 8.70651487613e-07
1856.0 8.70651487613e-07
1858.0 1.21891208266e-06
1859.0 6.9652119009e-07
1860.0 1.04478178514e-06
1861.0 6.9652119009e-07
1863.0 6.9652119009e-07
1864.0 1.04478178514e-06
1865.0 1.21891208266e-06
1866.0 1.04478178514e-06
1867.0 1.04478178514e-06
1868.0 5.22390892568e-07
1869.0 6.9652119009e-07
1870.0 1.39304238018e-06
1871.0 5.22390892568e-07
1872.0 1.39304238018e-06
1873.0 1.21891208266e-06
1874.0 6.9652119009e-07
1875.0 1.21891208266e-06
1876.0 1.91543327275e-06
1877.0 1.39304238018e-06
1878.0 1.5671726777e-06
1879.0 1.04478178514e-06
1880.0 1.74130297523e-06
1881.0 1.21891208266e-06
1882.0 1.5671726777e-06
1883.0 1.74130297523e-06
1884.0 1.74130297523e-06
1885.0 1.04478178514e-06
1886.0 1.5671726777e-06
1887.0 1.21891208266e-06
1888.0 1.21891208266e-06
1889.0 1.21891208266e-06
1890.0 2.08956357027e-06
1891.0 1.39304238018e-06
1892.0 1.04478178514e-06
1893.0 1.39304238018e-06
1894.0 1.39304238018e-06
1895.0 1.21891208266e-06
1896.0 2.61195446284e-06
1897.0 1.39304238018e-06
1898.0 1.74130297523e-06
1899.0 2.96021505788e-06
1900.0 2.43782416532e-06
1901.0 1.5671726777e-06
1902.0 2.43782416532e-06
1903.0 2.08956357027e-06
1904.0 2.78608476036e-06
1905.0 2.26369386779e-06
1906.0 2.61195446284e-06
1907.0 3.30847565293e-06
1908.0 3.13434535541e-06
1909.0 1.91543327275e-06
1910.0 2.26369386779e-06
1911.0 2.61195446284e-06
1912.0 3.48260595045e-06
1913.0 2.26369386779e-06
1914.0 3.65673624797e-06
1915.0 1.5671726777e-06
1916.0 1.74130297523e-06
1917.0 2.78608476036e-06
1918.0 2.08956357027e-06
1919.0 2.26369386779e-06
1920.0 2.26369386779e-06
1921.0 3.13434535541e-06
1922.0 2.08956357027e-06
1923.0 2.08956357027e-06
1924.0 3.48260595045e-06
1925.0 2.08956357027e-06
1926.0 1.5671726777e-06
1927.0 2.43782416532e-06
1928.0 1.5671726777e-06
1929.0 1.74130297523e-06
1930.0 1.39304238018e-06
1931.0 2.26369386779e-06
1932.0 1.21891208266e-06
1933.0 1.74130297523e-06
1934.0 1.91543327275e-06
1935.0 1.04478178514e-06
1936.0 1.91543327275e-06
1937.0 1.5671726777e-06
1938.0 2.43782416532e-06
1939.0 1.21891208266e-06
1940.0 5.22390892568e-07
1941.0 1.5671726777e-06
1942.0 1.39304238018e-06
1943.0 1.39304238018e-06
1944.0 1.39304238018e-06
1945.0 1.04478178514e-06
1946.0 1.21891208266e-06
1947.0 1.74130297523e-06
1948.0 8.70651487613e-07
1949.0 5.22390892568e-07
1950.0 1.21891208266e-06
1951.0 1.04478178514e-06
1952.0 6.9652119009e-07
1953.0 1.91543327275e-06
1954.0 1.21891208266e-06
1955.0 8.70651487613e-07
1956.0 1.04478178514e-06
1957.0 8.70651487613e-07
1958.0 6.9652119009e-07
1959.0 6.9652119009e-07
1960.0 5.22390892568e-07
1961.0 8.70651487613e-07
1962.0 1.74130297523e-07
1963.0 1.74130297523e-07
1964.0 6.9652119009e-07
1965.0 3.48260595045e-07
1966.0 8.70651487613e-07
1967.0 6.9652119009e-07
1968.0 1.04478178514e-06
1969.0 3.48260595045e-07
1970.0 6.9652119009e-07
1971.0 3.48260595045e-07
1972.0 1.74130297523e-07
1974.0 1.74130297523e-07
1975.0 6.9652119009e-07
1976.0 8.70651487613e-07
1978.0 3.48260595045e-07
1979.0 5.22390892568e-07
1980.0 3.48260595045e-07
1981.0 5.22390892568e-07
1982.0 1.74130297523e-07
1983.0 1.74130297523e-07
1986.0 5.22390892568e-07
1988.0 1.74130297523e-07
1989.0 3.48260595045e-07
1990.0 5.22390892568e-07
1991.0 1.74130297523e-07
1993.0 1.74130297523e-07
1994.0 1.74130297523e-07
1995.0 3.48260595045e-07
1996.0 1.74130297523e-07
1997.0 1.74130297523e-07
1999.0 3.48260595045e-07
2000.0 1.74130297523e-07
2001.0 1.74130297523e-07
2002.0 1.74130297523e-07
2003.0 1.74130297523e-07
2004.0 3.48260595045e-07
2005.0 3.48260595045e-07
2006.0 1.74130297523e-07
2007.0 1.74130297523e-07
2008.0 1.74130297523e-07
2009.0 3.48260595045e-07
2011.0 3.48260595045e-07
2012.0 3.48260595045e-07
2015.0 1.74130297523e-07
2016.0 3.48260595045e-07
2018.0 3.48260595045e-07
2019.0 1.74130297523e-07
2023.0 1.74130297523e-07
2025.0 1.74130297523e-07
2026.0 1.74130297523e-07
2027.0 1.74130297523e-07
2028.0 1.74130297523e-07
2029.0 1.74130297523e-07
2030.0 1.74130297523e-07
2033.0 1.74130297523e-07
2034.0 1.74130297523e-07
2037.0 3.48260595045e-07
2038.0 1.74130297523e-07
2039.0 3.48260595045e-07
2042.0 1.74130297523e-07
2043.0 3.48260595045e-07
2047.0 1.74130297523e-07
2048.0 3.48260595045e-07
2049.0 1.74130297523e-07
2051.0 3.48260595045e-07
2052.0 1.74130297523e-07
2053.0 1.74130297523e-07
2054.0 1.74130297523e-07
2055.0 3.48260595045e-07
2056.0 1.74130297523e-07
2058.0 5.22390892568e-07
2060.0 1.74130297523e-07
2066.0 5.22390892568e-07
2068.0 3.48260595045e-07
2071.0 1.74130297523e-07
2072.0 3.48260595045e-07
2073.0 1.74130297523e-07
2083.0 3.48260595045e-07
2084.0 6.9652119009e-07
2087.0 1.74130297523e-07
2090.0 1.74130297523e-07
2092.0 3.48260595045e-07
2093.0 3.48260595045e-07
2095.0 3.48260595045e-07
2099.0 1.21891208266e-06
2100.0 3.48260595045e-06
2101.0 2.08956357027e-06
2102.0 1.74130297523e-07
2106.0 1.74130297523e-07
2112.0 1.74130297523e-07
2113.0 1.74130297523e-07
2125.0 1.74130297523e-07
2130.0 1.74130297523e-07
2133.0 1.74130297523e-07
2134.0 1.74130297523e-07
2136.0 1.74130297523e-07
2138.0 3.48260595045e-07
2142.0 1.74130297523e-07
2145.0 1.74130297523e-07
2150.0 1.74130297523e-07
2155.0 1.74130297523e-07
2167.0 1.74130297523e-07
2169.0 1.74130297523e-07
2173.0 1.74130297523e-07
2178.0 1.74130297523e-07
2181.0 1.74130297523e-07
2182.0 1.74130297523e-07
2183.0 1.74130297523e-07
2187.0 1.74130297523e-07
2190.0 1.74130297523e-07
2192.0 1.74130297523e-07
2199.0 1.74130297523e-07
2214.0 1.74130297523e-07
2218.0 1.74130297523e-07
2229.0 1.74130297523e-07
2233.0 1.74130297523e-07
2241.0 1.74130297523e-07
2242.0 1.74130297523e-07
2246.0 1.74130297523e-07
2248.0 1.74130297523e-07
2250.0 1.74130297523e-07
2252.0 1.74130297523e-07
2253.0 1.74130297523e-07
2259.0 1.74130297523e-07
2262.0 1.74130297523e-07
2266.0 1.74130297523e-07
2267.0 1.74130297523e-07
2268.0 1.74130297523e-07
2269.0 1.74130297523e-07
2270.0 1.74130297523e-07
2301.0 1.74130297523e-07
2302.0 1.74130297523e-07
2304.0 1.74130297523e-07
2308.0 1.74130297523e-07
2311.0 3.48260595045e-07
2316.0 1.74130297523e-07
2318.0 1.74130297523e-07
2319.0 1.74130297523e-07
2326.0 1.74130297523e-07
2327.0 1.74130297523e-07
2332.0 1.74130297523e-07
2333.0 5.22390892568e-07
2338.0 1.74130297523e-07
2342.0 1.74130297523e-07
2345.0 1.74130297523e-07
2346.0 1.74130297523e-07
2350.0 3.48260595045e-07
2351.0 3.48260595045e-07
2357.0 1.74130297523e-07
2359.0 1.74130297523e-07
2360.0 1.74130297523e-07
2362.0 1.74130297523e-07
2363.0 1.74130297523e-07
2365.0 1.74130297523e-07
2367.0 1.74130297523e-07
2368.0 3.48260595045e-07
2371.0 5.22390892568e-07
2376.0 1.74130297523e-07
2381.0 1.74130297523e-07
2383.0 3.48260595045e-07
2389.0 3.48260595045e-07
2391.0 1.74130297523e-07
2394.0 1.74130297523e-07
2399.0 1.74130297523e-07
2400.0 1.74130297523e-07
2401.0 1.74130297523e-07
2402.0 3.48260595045e-07
2404.0 3.48260595045e-07
2405.0 5.22390892568e-07
2407.0 1.74130297523e-07
2408.0 1.74130297523e-07
2417.0 3.48260595045e-07
2421.0 1.74130297523e-07
2423.0 1.74130297523e-07
2424.0 1.74130297523e-07
2428.0 1.74130297523e-07
2430.0 1.74130297523e-07
2432.0 3.48260595045e-07
2434.0 5.22390892568e-07
2435.0 1.74130297523e-07
2437.0 1.74130297523e-07
2438.0 1.74130297523e-07
2445.0 1.74130297523e-07
2447.0 3.48260595045e-07
2454.0 3.48260595045e-07
2456.0 1.74130297523e-07
2457.0 3.48260595045e-07
2460.0 1.74130297523e-07
2461.0 3.48260595045e-07
2463.0 1.74130297523e-07
2466.0 1.74130297523e-07
2468.0 1.74130297523e-07
2471.0 1.74130297523e-07
2475.0 1.74130297523e-07
2476.0 1.74130297523e-07
2478.0 1.74130297523e-07
2479.0 1.74130297523e-07
2481.0 3.48260595045e-07
2484.0 1.74130297523e-07
2485.0 1.74130297523e-07
2486.0 1.74130297523e-07
2488.0 3.48260595045e-07
2489.0 1.74130297523e-07
2494.0 1.74130297523e-07
2495.0 1.74130297523e-07
2502.0 1.74130297523e-07
2504.0 1.74130297523e-07
2505.0 1.74130297523e-07
2507.0 1.74130297523e-07
2508.0 1.74130297523e-07
2511.0 1.74130297523e-07
2513.0 1.74130297523e-07
2517.0 1.74130297523e-07
2519.0 1.74130297523e-07
2521.0 1.74130297523e-07
2522.0 1.74130297523e-07
2523.0 1.74130297523e-07
2530.0 3.48260595045e-07
2534.0 1.74130297523e-07
2537.0 1.74130297523e-07
2541.0 1.74130297523e-07
2543.0 1.74130297523e-07
2544.0 1.74130297523e-07
2545.0 3.48260595045e-07
2547.0 5.22390892568e-07
2551.0 1.74130297523e-07
2552.0 1.74130297523e-07
2553.0 1.74130297523e-07
2554.0 1.74130297523e-07
2558.0 1.74130297523e-07
2559.0 1.74130297523e-07
2560.0 1.74130297523e-07
2561.0 5.22390892568e-07
2563.0 1.74130297523e-07
2565.0 1.74130297523e-07
2566.0 1.74130297523e-07
2567.0 1.74130297523e-07
2568.0 3.48260595045e-07
2571.0 1.74130297523e-07
2572.0 3.48260595045e-07
2578.0 1.74130297523e-07
2580.0 1.74130297523e-07
2581.0 1.74130297523e-07
2584.0 3.48260595045e-07
2586.0 3.48260595045e-07
2588.0 1.74130297523e-07
2589.0 3.48260595045e-07
2591.0 5.22390892568e-07
2592.0 1.74130297523e-07
2593.0 3.48260595045e-07
2595.0 1.74130297523e-07
2597.0 3.48260595045e-07
2598.0 3.48260595045e-07
2599.0 5.22390892568e-07
2600.0 5.22390892568e-07
2602.0 3.48260595045e-07
2603.0 1.74130297523e-07
2604.0 1.74130297523e-07
2605.0 5.22390892568e-07
2608.0 1.74130297523e-07
2609.0 1.74130297523e-07
2611.0 1.74130297523e-07
2613.0 1.74130297523e-07
2614.0 3.48260595045e-07
2616.0 5.22390892568e-07
2617.0 8.70651487613e-07
2619.0 3.48260595045e-07
2623.0 1.74130297523e-07
2624.0 3.48260595045e-07
2626.0 3.48260595045e-07
2627.0 1.74130297523e-07
2628.0 3.48260595045e-07
2629.0 1.74130297523e-07
2630.0 1.74130297523e-07
2631.0 1.74130297523e-07
2633.0 3.48260595045e-07
2634.0 1.74130297523e-07
2635.0 1.74130297523e-07
2636.0 3.48260595045e-07
2637.0 3.48260595045e-07
2639.0 5.22390892568e-07
2640.0 6.9652119009e-07
2641.0 3.48260595045e-07
2642.0 1.74130297523e-07
2645.0 3.48260595045e-07
2647.0 3.48260595045e-07
2648.0 6.9652119009e-07
2649.0 1.74130297523e-07
2650.0 3.48260595045e-07
2652.0 3.48260595045e-07
2653.0 3.48260595045e-07
2654.0 1.21891208266e-06
2655.0 3.48260595045e-07
2656.0 5.22390892568e-07
2658.0 3.48260595045e-07
2659.0 1.74130297523e-07
2661.0 6.9652119009e-07
2662.0 3.48260595045e-07
2663.0 3.48260595045e-07
2664.0 5.22390892568e-07
2665.0 1.74130297523e-07
2666.0 5.22390892568e-07
2667.0 6.9652119009e-07
2668.0 8.70651487613e-07
2669.0 1.74130297523e-07
2670.0 1.21891208266e-06
2671.0 8.70651487613e-07
2672.0 1.74130297523e-07
2673.0 3.48260595045e-07
2674.0 1.74130297523e-07
2675.0 1.74130297523e-07
2676.0 5.22390892568e-07
2677.0 8.70651487613e-07
2678.0 3.48260595045e-07
2679.0 1.74130297523e-07
2680.0 6.9652119009e-07
2682.0 1.74130297523e-07
2683.0 3.48260595045e-07
2684.0 1.74130297523e-07
2685.0 6.9652119009e-07
2686.0 1.74130297523e-07
2687.0 5.22390892568e-07
2689.0 5.22390892568e-07
2690.0 1.04478178514e-06
2691.0 3.48260595045e-07
2693.0 6.9652119009e-07
2694.0 3.48260595045e-07
2695.0 3.48260595045e-07
2696.0 6.9652119009e-07
2697.0 6.9652119009e-07
2699.0 3.48260595045e-07
2700.0 6.9652119009e-07
2702.0 3.48260595045e-07
2703.0 3.48260595045e-07
2704.0 3.48260595045e-07
2705.0 6.9652119009e-07
2706.0 3.48260595045e-07
2707.0 5.22390892568e-07
2708.0 5.22390892568e-07
2709.0 3.48260595045e-07
2710.0 1.04478178514e-06
2711.0 3.48260595045e-07
2712.0 1.74130297523e-07
2713.0 3.48260595045e-07
2714.0 8.70651487613e-07
2715.0 6.9652119009e-07
2716.0 8.70651487613e-07
2717.0 1.04478178514e-06
2718.0 3.48260595045e-07
2719.0 6.9652119009e-07
2720.0 5.22390892568e-07
2721.0 6.9652119009e-07
2722.0 1.04478178514e-06
2723.0 3.48260595045e-07
2724.0 6.9652119009e-07
2725.0 5.22390892568e-07
2726.0 5.22390892568e-07
2727.0 8.70651487613e-07
2728.0 6.9652119009e-07
2729.0 8.70651487613e-07
2730.0 6.9652119009e-07
2731.0 5.22390892568e-07
2732.0 8.70651487613e-07
2733.0 6.9652119009e-07
2734.0 5.22390892568e-07
2735.0 5.22390892568e-07
2736.0 1.04478178514e-06
2737.0 1.21891208266e-06
2738.0 5.22390892568e-07
2739.0 3.48260595045e-07
2740.0 5.22390892568e-07
2741.0 5.22390892568e-07
2742.0 1.39304238018e-06
2743.0 1.39304238018e-06
2744.0 3.48260595045e-07
2745.0 1.39304238018e-06
2746.0 5.22390892568e-07
2747.0 6.9652119009e-07
2748.0 2.26369386779e-06
2749.0 1.04478178514e-06
2750.0 1.39304238018e-06
2751.0 6.9652119009e-07
2752.0 1.04478178514e-06
2753.0 1.5671726777e-06
2754.0 6.9652119009e-07
2755.0 3.48260595045e-07
2756.0 1.21891208266e-06
2757.0 1.04478178514e-06
2758.0 1.5671726777e-06
2759.0 5.22390892568e-07
2760.0 6.9652119009e-07
2761.0 1.5671726777e-06
2762.0 1.74130297523e-06
2763.0 1.04478178514e-06
2764.0 1.74130297523e-06
2765.0 8.70651487613e-07
2766.0 2.08956357027e-06
2767.0 1.74130297523e-06
2768.0 1.21891208266e-06
2769.0 1.04478178514e-06
2770.0 1.91543327275e-06
2771.0 1.5671726777e-06
2772.0 2.08956357027e-06
2773.0 1.21891208266e-06
2774.0 2.43782416532e-06
2775.0 1.39304238018e-06
2776.0 1.39304238018e-06
2777.0 1.5671726777e-06
2778.0 1.04478178514e-06
2779.0 1.74130297523e-06
2780.0 2.26369386779e-06
2781.0 1.39304238018e-06
2782.0 1.04478178514e-06
2783.0 1.5671726777e-06
2784.0 5.22390892568e-07
2785.0 1.91543327275e-06
2786.0 2.08956357027e-06
2787.0 1.74130297523e-06
2788.0 1.5671726777e-06
2789.0 1.5671726777e-06
2790.0 2.26369386779e-06
2791.0 2.96021505788e-06
2792.0 2.61195446284e-06
2793.0 1.5671726777e-06
2794.0 2.26369386779e-06
2795.0 2.43782416532e-06
2796.0 2.08956357027e-06
2797.0 1.21891208266e-06
2798.0 1.74130297523e-06
2799.0 3.30847565293e-06
2800.0 1.91543327275e-06
2801.0 3.13434535541e-06
2802.0 3.65673624797e-06
2803.0 4.35325743806e-06
2804.0 4.17912714054e-06
2805.0 6.09456041329e-06
2806.0 5.22390892568e-06
2807.0 5.04977862815e-06
2808.0 4.52738773559e-06
2809.0 1.74130297523e-06
2810.0 3.13434535541e-06
2811.0 1.5671726777e-06
2812.0 2.43782416532e-06
2813.0 2.26369386779e-06
2814.0 1.74130297523e-06
2815.0 1.5671726777e-06
2816.0 2.26369386779e-06
2817.0 1.74130297523e-06
2818.0 1.5671726777e-06
2819.0 1.74130297523e-06
2820.0 1.39304238018e-06
2821.0 1.5671726777e-06
2822.0 1.5671726777e-06
2823.0 2.43782416532e-06
2824.0 1.91543327275e-06
2825.0 1.04478178514e-06
2826.0 1.39304238018e-06
2827.0 2.43782416532e-06
2828.0 2.08956357027e-06
2829.0 1.5671726777e-06
2830.0 2.08956357027e-06
2831.0 1.74130297523e-06
2832.0 1.91543327275e-06
2833.0 1.21891208266e-06
2834.0 1.5671726777e-06
2835.0 1.04478178514e-06
2836.0 2.96021505788e-06
2837.0 1.39304238018e-06
2838.0 1.21891208266e-06
2839.0 1.39304238018e-06
2840.0 1.5671726777e-06
2841.0 1.21891208266e-06
2842.0 1.74130297523e-06
2843.0 8.70651487613e-07
2844.0 6.9652119009e-07
2845.0 1.04478178514e-06
2846.0 1.5671726777e-06
2847.0 8.70651487613e-07
2848.0 1.04478178514e-06
2849.0 1.74130297523e-06
2850.0 1.21891208266e-06
2851.0 5.22390892568e-07
2852.0 1.5671726777e-06
2853.0 1.04478178514e-06
2854.0 1.04478178514e-06
2855.0 1.04478178514e-06
2856.0 8.70651487613e-07
2857.0 1.39304238018e-06
2858.0 1.91543327275e-06
2859.0 8.70651487613e-07
2860.0 1.74130297523e-07
2861.0 8.70651487613e-07
2862.0 6.9652119009e-07
2863.0 1.74130297523e-07
2864.0 1.21891208266e-06
2865.0 5.22390892568e-07
2866.0 1.5671726777e-06
2867.0 1.04478178514e-06
2868.0 1.04478178514e-06
2869.0 1.04478178514e-06
2870.0 6.9652119009e-07
2871.0 1.39304238018e-06
2872.0 1.21891208266e-06
2873.0 5.22390892568e-07
2874.0 3.48260595045e-07
2875.0 6.9652119009e-07
2876.0 5.22390892568e-07
2877.0 1.39304238018e-06
2878.0 1.04478178514e-06
2879.0 1.74130297523e-07
2880.0 1.04478178514e-06
2881.0 3.48260595045e-07
2882.0 6.9652119009e-07
2883.0 1.74130297523e-06
2884.0 3.48260595045e-07
2885.0 6.9652119009e-07
2886.0 1.04478178514e-06
2887.0 1.74130297523e-07
2888.0 1.74130297523e-06
2889.0 6.9652119009e-07
2890.0 3.48260595045e-07
2891.0 6.9652119009e-07
2892.0 3.48260595045e-07
2893.0 8.70651487613e-07
2894.0 1.74130297523e-07
2895.0 8.70651487613e-07
2896.0 1.74130297523e-07
2897.0 3.48260595045e-07
2898.0 1.04478178514e-06
2899.0 3.48260595045e-07
2900.0 3.48260595045e-07
2901.0 8.70651487613e-07
2902.0 6.9652119009e-07
2903.0 1.74130297523e-07
2904.0 5.22390892568e-07
2905.0 8.70651487613e-07
2906.0 1.74130297523e-07
2907.0 5.22390892568e-07
2908.0 5.22390892568e-07
2909.0 3.48260595045e-07
2910.0 6.9652119009e-07
2912.0 3.48260595045e-07
2913.0 3.48260595045e-07
2914.0 1.74130297523e-07
2916.0 3.48260595045e-07
2917.0 8.70651487613e-07
2918.0 1.74130297523e-07
2919.0 5.22390892568e-07
2920.0 1.21891208266e-06
2921.0 1.74130297523e-07
2922.0 1.04478178514e-06
2923.0 3.48260595045e-07
2925.0 5.22390892568e-07
2926.0 6.9652119009e-07
2927.0 6.9652119009e-07
2928.0 5.22390892568e-07
2930.0 6.9652119009e-07
2931.0 6.9652119009e-07
2932.0 3.48260595045e-07
2933.0 3.48260595045e-07
2934.0 5.22390892568e-07
2935.0 5.22390892568e-07
2936.0 5.22390892568e-07
2937.0 3.48260595045e-07
2938.0 1.74130297523e-07
2939.0 1.74130297523e-07
2940.0 8.70651487613e-07
2941.0 5.22390892568e-07
2942.0 5.22390892568e-07
2943.0 3.48260595045e-07
2944.0 5.22390892568e-07
2946.0 5.22390892568e-07
2947.0 5.22390892568e-07
2948.0 1.74130297523e-07
2949.0 1.74130297523e-07
2950.0 1.74130297523e-07
2951.0 1.74130297523e-07
2952.0 6.9652119009e-07
2953.0 3.48260595045e-07
2954.0 1.74130297523e-07
2955.0 1.74130297523e-07
2956.0 3.48260595045e-07
2957.0 1.74130297523e-07
2958.0 3.48260595045e-07
2961.0 1.74130297523e-07
2963.0 5.22390892568e-07
2964.0 1.74130297523e-07
2965.0 1.74130297523e-07
2966.0 1.74130297523e-07
2967.0 3.48260595045e-07
2970.0 3.48260595045e-07
2971.0 1.74130297523e-07
2972.0 3.48260595045e-07
2973.0 1.74130297523e-07
2974.0 1.74130297523e-07
2975.0 3.48260595045e-07
2976.0 8.70651487613e-07
2977.0 5.22390892568e-07
2979.0 1.74130297523e-07
2980.0 1.74130297523e-07
2982.0 3.48260595045e-07
2983.0 1.74130297523e-07
2985.0 3.48260595045e-07
2987.0 3.48260595045e-07
2988.0 3.48260595045e-07
2989.0 1.74130297523e-07
2993.0 1.74130297523e-07
2994.0 5.22390892568e-07
2996.0 1.74130297523e-07
2997.0 1.74130297523e-07
2998.0 1.74130297523e-07
2999.0 1.74130297523e-07
3000.0 1.74130297523e-07
3001.0 1.74130297523e-07
3004.0 1.74130297523e-07
3008.0 3.48260595045e-07
3009.0 1.74130297523e-07
3010.0 3.48260595045e-07
3011.0 1.74130297523e-07
3012.0 1.74130297523e-07
3013.0 1.74130297523e-07
3014.0 1.74130297523e-07
3016.0 1.74130297523e-07
3017.0 1.74130297523e-07
3018.0 3.48260595045e-07
3019.0 1.74130297523e-07
3021.0 3.48260595045e-07
3024.0 5.22390892568e-07
3026.0 1.74130297523e-07
3028.0 1.74130297523e-07
3031.0 3.48260595045e-07
3032.0 1.74130297523e-07
3035.0 3.48260595045e-07
3037.0 3.48260595045e-07
3039.0 5.22390892568e-07
3040.0 3.48260595045e-07
3045.0 1.74130297523e-07
3048.0 1.74130297523e-07
3051.0 1.74130297523e-07
3052.0 3.48260595045e-07
3059.0 6.9652119009e-07
3068.0 1.74130297523e-07
3069.0 3.48260595045e-07
3071.0 1.74130297523e-07
3072.0 1.74130297523e-07
3074.0 1.74130297523e-07
3078.0 1.74130297523e-07
3080.0 1.74130297523e-07
3085.0 1.74130297523e-07
3086.0 5.22390892568e-07
3087.0 3.48260595045e-07
3092.0 1.74130297523e-07
3100.0 5.22390892568e-07
3105.0 3.48260595045e-07
3107.0 5.22390892568e-07
3108.0 1.74130297523e-07
3109.0 1.74130297523e-07
3110.0 3.48260595045e-07
3112.0 3.48260595045e-07
3117.0 1.74130297523e-07
3118.0 1.74130297523e-07
3120.0 1.74130297523e-07
3121.0 1.74130297523e-07
3122.0 1.74130297523e-07
3123.0 1.74130297523e-07
3127.0 1.74130297523e-07
3128.0 1.74130297523e-07
3131.0 1.74130297523e-07
3132.0 1.74130297523e-07
3137.0 3.48260595045e-07
3138.0 3.48260595045e-07
3139.0 1.74130297523e-07
3141.0 3.48260595045e-07
3147.0 3.48260595045e-07
3150.0 3.48260595045e-07
3152.0 1.74130297523e-07
3153.0 1.74130297523e-07
3154.0 1.74130297523e-07
3156.0 1.74130297523e-07
3160.0 1.74130297523e-07
3161.0 1.74130297523e-07
3162.0 1.74130297523e-07
3163.0 1.74130297523e-07
3165.0 1.04478178514e-06
3167.0 3.48260595045e-07
3169.0 1.74130297523e-07
3170.0 3.48260595045e-07
3172.0 3.48260595045e-07
3175.0 1.74130297523e-07
3176.0 3.48260595045e-07
3177.0 6.9652119009e-07
3178.0 6.9652119009e-07
3179.0 1.74130297523e-07
3180.0 3.48260595045e-07
3182.0 5.22390892568e-07
3183.0 5.22390892568e-07
3184.0 3.48260595045e-07
3185.0 1.74130297523e-07
3186.0 1.74130297523e-07
3188.0 1.74130297523e-07
3189.0 3.48260595045e-07
3190.0 3.48260595045e-07
3191.0 1.74130297523e-07
3192.0 1.74130297523e-07
3193.0 3.48260595045e-07
3194.0 6.9652119009e-07
3195.0 1.74130297523e-07
3196.0 5.22390892568e-07
3197.0 1.74130297523e-07
3198.0 1.74130297523e-07
3199.0 1.74130297523e-07
3200.0 1.74130297523e-07
3202.0 1.74130297523e-07
3203.0 1.74130297523e-07
3204.0 1.74130297523e-07
3205.0 5.22390892568e-07
3206.0 1.74130297523e-07
3207.0 6.9652119009e-07
3208.0 5.22390892568e-07
3210.0 1.74130297523e-07
3211.0 3.48260595045e-07
3212.0 1.74130297523e-07
3215.0 1.74130297523e-07
3216.0 3.48260595045e-07
3218.0 1.74130297523e-07
3219.0 3.48260595045e-07
3220.0 1.74130297523e-07
3221.0 3.48260595045e-07
3222.0 1.74130297523e-07
3224.0 1.74130297523e-07
3226.0 1.74130297523e-07
3227.0 1.74130297523e-07
3229.0 6.9652119009e-07
3231.0 1.74130297523e-07
3234.0 1.74130297523e-07
3235.0 1.74130297523e-07
3236.0 5.22390892568e-07
3237.0 1.74130297523e-07
3238.0 3.48260595045e-07
3240.0 1.74130297523e-07
3244.0 3.48260595045e-07
3245.0 3.48260595045e-07
3247.0 1.74130297523e-07
3252.0 1.74130297523e-07
3253.0 3.48260595045e-07
3257.0 1.74130297523e-07
3258.0 3.48260595045e-07
3260.0 1.74130297523e-07
3261.0 3.48260595045e-07
3263.0 1.74130297523e-07
3264.0 1.74130297523e-07
3265.0 1.74130297523e-07
3270.0 1.74130297523e-07
3275.0 1.74130297523e-07
3277.0 1.74130297523e-07
3281.0 1.74130297523e-07
3284.0 1.74130297523e-07
3292.0 3.48260595045e-07
3294.0 1.74130297523e-07
3303.0 1.74130297523e-07
3305.0 1.74130297523e-07
3318.0 1.74130297523e-07
3320.0 1.74130297523e-07
3333.0 1.74130297523e-07
3343.0 1.74130297523e-07
3344.0 1.74130297523e-07
3347.0 1.74130297523e-07
3348.0 3.48260595045e-07
3351.0 1.74130297523e-07
3368.0 1.74130297523e-07
3371.0 1.74130297523e-07
3382.0 1.74130297523e-07
3384.0 1.74130297523e-07
3393.0 1.74130297523e-07
3395.0 1.74130297523e-07
3406.0 1.74130297523e-07
3407.0 1.74130297523e-07
3411.0 1.74130297523e-07
3415.0 1.74130297523e-07
3438.0 1.74130297523e-07
3444.0 1.74130297523e-07
3447.0 1.74130297523e-07
3454.0 1.74130297523e-07
3465.0 1.74130297523e-07
3469.0 3.48260595045e-07
3482.0 1.74130297523e-07
3483.0 1.74130297523e-07
3484.0 1.74130297523e-07
3486.0 1.74130297523e-07
3490.0 1.74130297523e-07
3496.0 1.74130297523e-07
3497.0 1.74130297523e-07
3506.0 1.74130297523e-07
3538.0 1.74130297523e-07
3543.0 1.74130297523e-07
3551.0 1.74130297523e-07
3567.0 1.74130297523e-07
3570.0 1.74130297523e-07
3572.0 3.48260595045e-07
3579.0 1.74130297523e-07
3604.0 1.74130297523e-07
3615.0 1.74130297523e-07
3620.0 1.74130297523e-07
3632.0 1.74130297523e-07
3637.0 1.74130297523e-07
3639.0 1.74130297523e-07
3651.0 1.74130297523e-07
3655.0 1.74130297523e-07
3658.0 1.74130297523e-07
3660.0 1.74130297523e-07
3664.0 1.74130297523e-07
3677.0 1.74130297523e-07
3679.0 3.48260595045e-07
3682.0 1.74130297523e-07
3685.0 1.74130297523e-07
3690.0 1.74130297523e-07
3693.0 1.74130297523e-07
3704.0 1.74130297523e-07
3707.0 1.74130297523e-07
3712.0 1.74130297523e-07
3719.0 1.74130297523e-07
3729.0 1.74130297523e-07
3740.0 1.74130297523e-07
3741.0 1.74130297523e-07
3744.0 1.74130297523e-07
3745.0 1.74130297523e-07
3746.0 1.74130297523e-07
3749.0 3.48260595045e-07
3750.0 1.74130297523e-07
3752.0 3.48260595045e-07
3754.0 1.74130297523e-07
3755.0 1.74130297523e-07
3757.0 1.74130297523e-07
3762.0 1.74130297523e-07
3765.0 1.74130297523e-07
3767.0 3.48260595045e-07
3770.0 1.74130297523e-07
3772.0 5.22390892568e-07
3774.0 5.22390892568e-07
3778.0 3.48260595045e-07
3779.0 1.74130297523e-07
3781.0 1.74130297523e-07
3783.0 1.74130297523e-07
3784.0 1.74130297523e-07
3785.0 1.74130297523e-07
3786.0 1.74130297523e-07
3790.0 1.74130297523e-07
3797.0 1.74130297523e-07
3798.0 3.48260595045e-07
3803.0 1.74130297523e-07
3814.0 1.74130297523e-07
3816.0 1.74130297523e-07
3818.0 5.22390892568e-07
3819.0 1.74130297523e-07
3820.0 1.74130297523e-07
3821.0 5.22390892568e-07
3822.0 1.74130297523e-07
3823.0 1.74130297523e-07
3827.0 1.74130297523e-07
3828.0 1.74130297523e-07
3832.0 3.48260595045e-07
3833.0 3.48260595045e-07
3839.0 1.74130297523e-07
3841.0 1.74130297523e-07
3843.0 1.74130297523e-07
3844.0 5.22390892568e-07
3847.0 5.22390892568e-07
3848.0 5.22390892568e-07
3850.0 1.74130297523e-07
3853.0 3.48260595045e-07
3859.0 1.74130297523e-07
3865.0 1.74130297523e-07
3866.0 1.74130297523e-07
3867.0 1.74130297523e-07
3868.0 1.74130297523e-07
3869.0 3.48260595045e-07
3872.0 3.48260595045e-07
3873.0 5.22390892568e-07
3875.0 5.22390892568e-07
3876.0 1.74130297523e-07
3878.0 1.74130297523e-07
3885.0 3.48260595045e-07
3887.0 3.48260595045e-07
3889.0 1.74130297523e-07
3890.0 1.74130297523e-07
3891.0 5.22390892568e-07
3892.0 3.48260595045e-07
3897.0 1.74130297523e-07
3902.0 3.48260595045e-07
3904.0 1.74130297523e-07
3905.0 1.74130297523e-07
3907.0 1.74130297523e-07
3908.0 1.74130297523e-07
3909.0 1.74130297523e-07
3910.0 1.74130297523e-07
3911.0 1.74130297523e-07
3912.0 3.48260595045e-07
3913.0 3.48260595045e-07
3914.0 3.48260595045e-07
3915.0 3.48260595045e-07
3916.0 5.22390892568e-07
3917.0 1.74130297523e-07
3918.0 1.74130297523e-07
3919.0 1.74130297523e-07
3920.0 3.48260595045e-07
3921.0 1.74130297523e-07
3922.0 6.9652119009e-07
3923.0 3.48260595045e-07
3924.0 3.48260595045e-07
3925.0 5.22390892568e-07
3926.0 1.74130297523e-07
3927.0 1.74130297523e-07
3928.0 3.48260595045e-07
3929.0 3.48260595045e-07
3930.0 1.74130297523e-07
3931.0 1.74130297523e-07
3932.0 6.9652119009e-07
3933.0 1.74130297523e-07
3934.0 1.74130297523e-07
3935.0 1.74130297523e-07
3936.0 6.9652119009e-07
3937.0 1.74130297523e-07
3938.0 3.48260595045e-07
3939.0 1.74130297523e-07
3940.0 8.70651487613e-07
3942.0 3.48260595045e-07
3944.0 5.22390892568e-07
3945.0 1.74130297523e-07
3946.0 1.74130297523e-07
3947.0 5.22390892568e-07
3948.0 1.74130297523e-07
3949.0 3.48260595045e-07
3950.0 3.48260595045e-07
3951.0 3.48260595045e-07
3952.0 6.9652119009e-07
3953.0 1.74130297523e-07
3954.0 3.48260595045e-07
3955.0 6.9652119009e-07
3957.0 3.48260595045e-07
3958.0 1.74130297523e-07
3959.0 6.9652119009e-07
3960.0 3.48260595045e-07
3962.0 1.74130297523e-07
3963.0 3.48260595045e-07
3964.0 1.74130297523e-07
3967.0 3.48260595045e-07
3968.0 3.48260595045e-07
3969.0 1.74130297523e-07
3970.0 3.48260595045e-07
3972.0 3.48260595045e-07
3973.0 3.48260595045e-07
3974.0 6.9652119009e-07
3977.0 5.22390892568e-07
3978.0 3.48260595045e-07
3979.0 3.48260595045e-07
3980.0 1.74130297523e-07
3981.0 1.74130297523e-07
3983.0 3.48260595045e-07
3984.0 1.74130297523e-07
3985.0 3.48260595045e-07
3986.0 3.48260595045e-07
3987.0 3.48260595045e-07
3989.0 1.74130297523e-07
3990.0 1.74130297523e-07
3991.0 5.22390892568e-07
3992.0 3.48260595045e-07
3993.0 1.74130297523e-07
3994.0 1.74130297523e-07
3995.0 6.9652119009e-07
3996.0 3.48260595045e-07
3997.0 3.48260595045e-07
3998.0 3.48260595045e-07
3999.0 1.74130297523e-07
4000.0 5.22390892568e-07
4001.0 3.48260595045e-07
4002.0 3.48260595045e-07
4003.0 1.74130297523e-07
4004.0 3.48260595045e-07
4005.0 3.48260595045e-07
4006.0 5.22390892568e-07
4008.0 5.22390892568e-07
4009.0 5.22390892568e-07
4012.0 1.74130297523e-07
4013.0 3.48260595045e-07
4014.0 3.48260595045e-07
4015.0 5.22390892568e-07
4016.0 8.70651487613e-07
4017.0 5.22390892568e-07
4018.0 3.48260595045e-07
4019.0 1.74130297523e-07
4020.0 6.9652119009e-07
4021.0 5.22390892568e-07
4022.0 3.48260595045e-07
4023.0 1.74130297523e-07
4024.0 3.48260595045e-07
4025.0 3.48260595045e-07
4026.0 1.74130297523e-07
4027.0 1.74130297523e-07
4029.0 3.48260595045e-07
4031.0 3.48260595045e-07
4032.0 3.48260595045e-07
4033.0 5.22390892568e-07
4034.0 1.74130297523e-07
4036.0 6.9652119009e-07
4037.0 1.21891208266e-06
4038.0 3.48260595045e-07
4039.0 1.74130297523e-07
4040.0 3.48260595045e-07
4041.0 8.70651487613e-07
4043.0 6.9652119009e-07
4044.0 3.48260595045e-07
4045.0 6.9652119009e-07
4046.0 8.70651487613e-07
4047.0 8.70651487613e-07
4048.0 5.22390892568e-07
4049.0 5.22390892568e-07
4050.0 6.9652119009e-07
4051.0 3.48260595045e-07
4052.0 8.70651487613e-07
4053.0 8.70651487613e-07
4054.0 5.22390892568e-07
4055.0 1.74130297523e-06
4056.0 6.9652119009e-07
4057.0 3.48260595045e-07
4058.0 5.22390892568e-07
4059.0 1.04478178514e-06
4060.0 5.22390892568e-07
4061.0 8.70651487613e-07
4062.0 1.21891208266e-06
4063.0 3.48260595045e-07
4064.0 5.22390892568e-07
4065.0 6.9652119009e-07
4066.0 3.48260595045e-07
4067.0 3.48260595045e-07
4068.0 8.70651487613e-07
4069.0 3.48260595045e-07
4070.0 5.22390892568e-07
4071.0 1.21891208266e-06
4072.0 1.21891208266e-06
4073.0 1.21891208266e-06
4074.0 8.70651487613e-07
4075.0 6.9652119009e-07
4076.0 6.9652119009e-07
4077.0 3.48260595045e-07
4078.0 1.21891208266e-06
4079.0 1.74130297523e-07
4080.0 1.21891208266e-06
4081.0 1.21891208266e-06
4082.0 8.70651487613e-07
4083.0 1.04478178514e-06
4084.0 8.70651487613e-07
4085.0 1.04478178514e-06
4086.0 1.04478178514e-06
4087.0 5.22390892568e-07
4088.0 3.48260595045e-07
4089.0 1.39304238018e-06
4090.0 6.9652119009e-07
4091.0 8.70651487613e-07
4092.0 1.04478178514e-06
4093.0 8.70651487613e-07
4094.0 1.39304238018e-06
4095.0 1.04478178514e-06
4096.0 1.21891208266e-06
4097.0 1.21891208266e-06
4098.0 6.9652119009e-07
4099.0 8.70651487613e-07
4100.0 1.91543327275e-06
4101.0 8.70651487613e-07
4102.0 8.70651487613e-07
4103.0 1.5671726777e-06
4104.0 8.70651487613e-07
4105.0 8.70651487613e-07
4106.0 5.22390892568e-07
4107.0 8.70651487613e-07
4108.0 3.48260595045e-07
4109.0 8.70651487613e-07
4110.0 6.9652119009e-07
4111.0 8.70651487613e-07
4112.0 1.21891208266e-06
4113.0 6.9652119009e-07
4114.0 1.21891208266e-06
4115.0 1.04478178514e-06
4116.0 6.9652119009e-07
4117.0 8.70651487613e-07
4118.0 1.04478178514e-06
4119.0 6.9652119009e-07
4120.0 1.04478178514e-06
4121.0 8.70651487613e-07
4122.0 1.39304238018e-06
4123.0 1.21891208266e-06
4124.0 8.70651487613e-07
4125.0 1.74130297523e-07
4126.0 5.22390892568e-07
4127.0 1.39304238018e-06
4128.0 6.9652119009e-07
4129.0 1.21891208266e-06
4130.0 6.9652119009e-07
4131.0 1.39304238018e-06
4132.0 6.9652119009e-07
4133.0 5.22390892568e-07
4134.0 1.91543327275e-06
4135.0 1.74130297523e-06
4136.0 1.39304238018e-06
4137.0 1.5671726777e-06
4138.0 1.39304238018e-06
4139.0 1.39304238018e-06
4140.0 2.08956357027e-06
4141.0 8.70651487613e-07
4142.0 1.39304238018e-06
4143.0 1.04478178514e-06
4144.0 8.70651487613e-07
4145.0 1.74130297523e-06
4146.0 1.74130297523e-06
4147.0 1.04478178514e-06
4148.0 1.04478178514e-06
4149.0 2.43782416532e-06
4150.0 2.08956357027e-06
4151.0 1.04478178514e-06
4152.0 1.74130297523e-06
4153.0 1.04478178514e-06
4154.0 1.5671726777e-06
4155.0 1.04478178514e-06
4156.0 1.04478178514e-06
4157.0 1.39304238018e-06
4158.0 1.39304238018e-06
4159.0 8.70651487613e-07
4160.0 6.9652119009e-07
4161.0 1.04478178514e-06
4162.0 1.04478178514e-06
4163.0 1.04478178514e-06
4164.0 1.04478178514e-06
4165.0 2.61195446284e-06
4166.0 1.21891208266e-06
4167.0 1.5671726777e-06
4168.0 1.04478178514e-06
4169.0 1.74130297523e-06
4170.0 2.43782416532e-06
4171.0 1.91543327275e-06
4172.0 1.21891208266e-06
4173.0 1.39304238018e-06
4174.0 1.5671726777e-06
4175.0 1.5671726777e-06
4176.0 1.91543327275e-06
4177.0 1.5671726777e-06
4178.0 2.26369386779e-06
4179.0 1.04478178514e-06
4180.0 1.5671726777e-06
4181.0 6.9652119009e-07
4182.0 8.70651487613e-07
4183.0 1.5671726777e-06
4184.0 1.5671726777e-06
4185.0 2.26369386779e-06
4186.0 2.61195446284e-06
4187.0 1.74130297523e-06
4188.0 1.5671726777e-06
4189.0 1.39304238018e-06
4190.0 1.39304238018e-06
4191.0 1.04478178514e-06
4192.0 1.39304238018e-06
4193.0 2.43782416532e-06
4194.0 2.43782416532e-06
4195.0 1.04478178514e-06
4196.0 2.08956357027e-06
4197.0 1.74130297523e-06
4198.0 1.91543327275e-06
4199.0 3.30847565293e-06
4200.0 2.43782416532e-06
4201.0 1.91543327275e-06
4202.0 1.91543327275e-06
4203.0 1.91543327275e-06
4204.0 1.91543327275e-06
4205.0 2.08956357027e-06
4206.0 2.96021505788e-06
4207.0 1.39304238018e-06
4208.0 2.43782416532e-06
4209.0 2.43782416532e-06
4210.0 1.91543327275e-06
4211.0 1.39304238018e-06
4212.0 3.13434535541e-06
4213.0 2.26369386779e-06
4214.0 2.43782416532e-06
4215.0 2.43782416532e-06
4216.0 2.78608476036e-06
4217.0 1.74130297523e-06
4218.0 2.78608476036e-06
4219.0 1.91543327275e-06
4220.0 1.5671726777e-06
4221.0 2.43782416532e-06
4222.0 1.74130297523e-06
4223.0 1.74130297523e-06
4224.0 2.96021505788e-06
4225.0 2.61195446284e-06
4226.0 2.26369386779e-06
4227.0 3.13434535541e-06
4228.0 2.43782416532e-06
4229.0 3.30847565293e-06
4230.0 2.78608476036e-06
4231.0 2.61195446284e-06
4232.0 3.8308665455e-06
4233.0 1.21891208266e-06
4234.0 3.48260595045e-06
4235.0 2.78608476036e-06
4236.0 2.08956357027e-06
4237.0 2.96021505788e-06
4238.0 2.61195446284e-06
4239.0 3.48260595045e-06
4240.0 3.30847565293e-06
4241.0 3.48260595045e-06
4242.0 2.96021505788e-06
4243.0 2.96021505788e-06
4244.0 4.35325743806e-06
4245.0 3.13434535541e-06
4246.0 5.22390892568e-06
4247.0 3.48260595045e-06
4248.0 3.48260595045e-06
4249.0 3.48260595045e-06
4250.0 4.52738773559e-06
4251.0 4.00499684302e-06
4252.0 5.04977862815e-06
4253.0 5.04977862815e-06
4254.0 7.83586338851e-06
4255.0 1.02736875538e-05
4256.0 1.44528146944e-05
4257.0 1.60199873721e-05
4258.0 1.21891208266e-05
4259.0 1.02736875538e-05
4260.0 7.48760279347e-06
4261.0 5.57216952072e-06
4262.0 7.83586338851e-06
4263.0 3.48260595045e-06
4264.0 2.43782416532e-06
4265.0 3.65673624797e-06
4266.0 2.96021505788e-06
4267.0 2.96021505788e-06
4268.0 3.8308665455e-06
4269.0 2.61195446284e-06
4270.0 3.30847565293e-06
4271.0 2.43782416532e-06
4272.0 1.39304238018e-06
4273.0 2.26369386779e-06
4274.0 1.74130297523e-06
4275.0 2.43782416532e-06
4276.0 1.74130297523e-06
4277.0 1.74130297523e-06
4278.0 3.48260595045e-06
4279.0 1.91543327275e-06
4280.0 1.91543327275e-06
4281.0 2.78608476036e-06
4282.0 2.08956357027e-06
4283.0 1.74130297523e-06
4284.0 2.96021505788e-06
4285.0 2.08956357027e-06
4286.0 8.70651487613e-07
4287.0 2.43782416532e-06
4288.0 2.96021505788e-06
4289.0 2.26369386779e-06
4290.0 2.61195446284e-06
4291.0 8.70651487613e-07
4292.0 3.13434535541e-06
4293.0 1.5671726777e-06
4294.0 2.43782416532e-06
4295.0 1.39304238018e-06
4296.0 1.39304238018e-06
4297.0 1.5671726777e-06
4298.0 1.74130297523e-06
4299.0 1.04478178514e-06
4300.0 2.26369386779e-06
4301.0 1.74130297523e-06
4302.0 2.43782416532e-06
4303.0 2.43782416532e-06
4304.0 2.43782416532e-06
4305.0 2.26369386779e-06
4306.0 2.43782416532e-06
4307.0 2.43782416532e-06
4308.0 1.74130297523e-06
4309.0 2.78608476036e-06
4310.0 1.04478178514e-06
4311.0 1.91543327275e-06
4312.0 2.26369386779e-06
4313.0 5.22390892568e-07
4314.0 1.21891208266e-06
4315.0 2.43782416532e-06
4316.0 2.96021505788e-06
4317.0 1.91543327275e-06
4318.0 2.08956357027e-06
4319.0 2.61195446284e-06
4320.0 2.26369386779e-06
4321.0 1.39304238018e-06
4322.0 2.08956357027e-06
4323.0 1.91543327275e-06
4324.0 5.22390892568e-07
4325.0 2.61195446284e-06
4326.0 6.9652119009e-07
4327.0 1.21891208266e-06
4328.0 1.5671726777e-06
4329.0 2.43782416532e-06
4330.0 1.74130297523e-06
4331.0 2.43782416532e-06
4332.0 8.70651487613e-07
4333.0 1.74130297523e-06
4334.0 2.26369386779e-06
4335.0 2.26369386779e-06
4336.0 1.74130297523e-06
4337.0 1.21891208266e-06
4338.0 1.5671726777e-06
4339.0 1.21891208266e-06
4340.0 1.04478178514e-06
4341.0 1.21891208266e-06
4342.0 1.21891208266e-06
4343.0 1.74130297523e-06
4344.0 1.91543327275e-06
4345.0 1.21891208266e-06
4346.0 1.74130297523e-06
4347.0 8.70651487613e-07
4348.0 2.43782416532e-06
4349.0 1.91543327275e-06
4350.0 2.26369386779e-06
4351.0 1.21891208266e-06
4352.0 1.04478178514e-06
4353.0 1.5671726777e-06
4354.0 1.39304238018e-06
4355.0 1.74130297523e-06
4356.0 2.43782416532e-06
4357.0 1.21891208266e-06
4358.0 1.5671726777e-06
4359.0 2.43782416532e-06
4360.0 8.70651487613e-07
4361.0 1.04478178514e-06
4362.0 1.21891208266e-06
4363.0 1.74130297523e-06
4364.0 1.74130297523e-06
4365.0 1.21891208266e-06
4366.0 1.04478178514e-06
4367.0 1.5671726777e-06
4368.0 1.91543327275e-06
4369.0 1.21891208266e-06
4370.0 1.91543327275e-06
4371.0 6.9652119009e-07
4372.0 1.21891208266e-06
4373.0 1.21891208266e-06
4374.0 1.04478178514e-06
4375.0 1.74130297523e-06
4376.0 1.21891208266e-06
4377.0 5.22390892568e-07
4378.0 1.21891208266e-06
4379.0 8.70651487613e-07
4380.0 5.22390892568e-07
4381.0 8.70651487613e-07
4382.0 1.5671726777e-06
4383.0 6.9652119009e-07
4384.0 2.08956357027e-06
4385.0 8.70651487613e-07
4386.0 1.74130297523e-06
4387.0 1.39304238018e-06
4388.0 8.70651487613e-07
4389.0 6.9652119009e-07
4390.0 1.39304238018e-06
4391.0 8.70651487613e-07
4392.0 1.21891208266e-06
4393.0 6.9652119009e-07
4394.0 1.04478178514e-06
4395.0 1.39304238018e-06
4396.0 8.70651487613e-07
4397.0 2.08956357027e-06
4398.0 1.21891208266e-06
4399.0 1.39304238018e-06
4400.0 6.9652119009e-07
4401.0 5.22390892568e-07
4402.0 1.04478178514e-06
4403.0 1.04478178514e-06
4404.0 1.04478178514e-06
4405.0 3.48260595045e-07
4406.0 8.70651487613e-07
4407.0 1.39304238018e-06
4408.0 1.39304238018e-06
4409.0 6.9652119009e-07
4410.0 1.21891208266e-06
4411.0 8.70651487613e-07
4412.0 6.9652119009e-07
4413.0 1.04478178514e-06
4414.0 8.70651487613e-07
4415.0 3.48260595045e-07
4416.0 1.21891208266e-06
4417.0 5.22390892568e-07
4418.0 1.21891208266e-06
4419.0 3.48260595045e-07
4420.0 6.9652119009e-07
4421.0 5.22390892568e-07
4422.0 1.74130297523e-07
4423.0 8.70651487613e-07
4424.0 6.9652119009e-07
4425.0 1.04478178514e-06
4426.0 5.22390892568e-07
4427.0 1.39304238018e-06
4428.0 8.70651487613e-07
4429.0 3.48260595045e-07
4430.0 3.48260595045e-07
4431.0 6.9652119009e-07
4432.0 5.22390892568e-07
4433.0 6.9652119009e-07
4434.0 6.9652119009e-07
4435.0 6.9652119009e-07
4436.0 1.04478178514e-06
4437.0 1.04478178514e-06
4438.0 1.5671726777e-06
4439.0 3.48260595045e-07
4440.0 1.04478178514e-06
4441.0 3.48260595045e-07
4442.0 1.21891208266e-06
4443.0 8.70651487613e-07
4444.0 5.22390892568e-07
4446.0 5.22390892568e-07
4447.0 1.04478178514e-06
4448.0 6.9652119009e-07
4449.0 6.9652119009e-07
4450.0 5.22390892568e-07
4451.0 6.9652119009e-07
4452.0 5.22390892568e-07
4453.0 1.74130297523e-07
4454.0 8.70651487613e-07
4455.0 3.48260595045e-07
4456.0 1.04478178514e-06
4457.0 6.9652119009e-07
4458.0 1.74130297523e-07
4459.0 1.04478178514e-06
4460.0 5.22390892568e-07
4461.0 8.70651487613e-07
4462.0 6.9652119009e-07
4463.0 6.9652119009e-07
4464.0 5.22390892568e-07
4465.0 6.9652119009e-07
4466.0 5.22390892568e-07
4467.0 5.22390892568e-07
4468.0 1.04478178514e-06
4469.0 5.22390892568e-07
4470.0 8.70651487613e-07
4471.0 5.22390892568e-07
4472.0 3.48260595045e-07
4473.0 5.22390892568e-07
4474.0 8.70651487613e-07
4475.0 5.22390892568e-07
4476.0 1.21891208266e-06
4477.0 1.74130297523e-07
4478.0 8.70651487613e-07
4480.0 3.48260595045e-07
4481.0 3.48260595045e-07
4484.0 6.9652119009e-07
4485.0 6.9652119009e-07
4486.0 6.9652119009e-07
4488.0 3.48260595045e-07
4489.0 1.74130297523e-07
4490.0 6.9652119009e-07
4491.0 3.48260595045e-07
4492.0 1.04478178514e-06
4493.0 1.74130297523e-07
4494.0 3.48260595045e-07
4495.0 5.22390892568e-07
4496.0 8.70651487613e-07
4497.0 3.48260595045e-07
4499.0 5.22390892568e-07
4500.0 3.48260595045e-07
4501.0 3.48260595045e-07
4502.0 6.9652119009e-07
4503.0 5.22390892568e-07
4504.0 1.74130297523e-07
4505.0 3.48260595045e-07
4506.0 3.48260595045e-07
4507.0 6.9652119009e-07
4508.0 3.48260595045e-07
4509.0 6.9652119009e-07
4510.0 3.48260595045e-07
4511.0 6.9652119009e-07
4512.0 1.74130297523e-07
4513.0 5.22390892568e-07
4514.0 1.74130297523e-07
4515.0 1.74130297523e-07
4516.0 1.74130297523e-07
4517.0 5.22390892568e-07
4518.0 3.48260595045e-07
4519.0 5.22390892568e-07
4520.0 3.48260595045e-07
4521.0 5.22390892568e-07
4522.0 3.48260595045e-07
4523.0 3.48260595045e-07
4524.0 1.74130297523e-07
4525.0 6.9652119009e-07
4526.0 6.9652119009e-07
4527.0 3.48260595045e-07
4528.0 5.22390892568e-07
4530.0 3.48260595045e-07
4531.0 3.48260595045e-07
4533.0 3.48260595045e-07
4534.0 6.9652119009e-07
4535.0 1.74130297523e-07
4536.0 1.74130297523e-07
4537.0 8.70651487613e-07
4538.0 3.48260595045e-07
4539.0 1.74130297523e-07
4541.0 1.74130297523e-07
4542.0 1.74130297523e-07
4543.0 1.74130297523e-07
4545.0 5.22390892568e-07
4546.0 1.04478178514e-06
4547.0 1.74130297523e-07
4549.0 5.22390892568e-07
4550.0 5.22390892568e-07
4552.0 3.48260595045e-07
4553.0 3.48260595045e-07
4554.0 1.74130297523e-07
4555.0 1.74130297523e-07
4556.0 3.48260595045e-07
4558.0 1.74130297523e-07
4559.0 3.48260595045e-07
4560.0 1.74130297523e-07
4561.0 3.48260595045e-07
4562.0 1.74130297523e-07
4563.0 3.48260595045e-07
4564.0 5.22390892568e-07
4565.0 5.22390892568e-07
4567.0 1.74130297523e-07
4569.0 3.48260595045e-07
4570.0 6.9652119009e-07
4571.0 1.74130297523e-07
4573.0 1.74130297523e-07
4575.0 1.74130297523e-07
4576.0 6.9652119009e-07
4577.0 1.74130297523e-07
4578.0 1.74130297523e-07
4580.0 3.48260595045e-07
4581.0 1.74130297523e-07
4582.0 6.9652119009e-07
4583.0 1.74130297523e-07
4584.0 1.74130297523e-07
4586.0 1.74130297523e-07
4587.0 6.9652119009e-07
4588.0 6.9652119009e-07
4589.0 1.74130297523e-07
4590.0 1.74130297523e-07
4591.0 1.74130297523e-07
4593.0 1.74130297523e-07
4594.0 1.74130297523e-07
4598.0 1.74130297523e-07
4600.0 3.48260595045e-07
4601.0 3.48260595045e-07
4602.0 3.48260595045e-07
4603.0 3.48260595045e-07
4604.0 3.48260595045e-07
4605.0 3.48260595045e-07
4606.0 1.74130297523e-07
4607.0 3.48260595045e-07
4610.0 1.74130297523e-07
4611.0 1.74130297523e-07
4612.0 3.48260595045e-07
4614.0 1.74130297523e-07
4615.0 5.22390892568e-07
4616.0 3.48260595045e-07
4618.0 1.74130297523e-07
4620.0 3.48260595045e-07
4622.0 1.74130297523e-07
4624.0 1.74130297523e-07
4627.0 1.74130297523e-07
4628.0 5.22390892568e-07
4629.0 1.74130297523e-07
4630.0 1.74130297523e-07
4631.0 5.22390892568e-07
4632.0 3.48260595045e-07
4634.0 1.74130297523e-07
4635.0 1.74130297523e-07
4637.0 1.74130297523e-07
4640.0 1.74130297523e-07
4642.0 1.74130297523e-07
4643.0 1.74130297523e-07
4644.0 5.22390892568e-07
4646.0 3.48260595045e-07
4647.0 6.9652119009e-07
4648.0 1.74130297523e-07
4650.0 1.74130297523e-07
4653.0 1.74130297523e-07
4654.0 1.74130297523e-07
4656.0 3.48260595045e-07
4659.0 1.74130297523e-07
4660.0 1.74130297523e-07
4661.0 1.74130297523e-07
4662.0 3.48260595045e-07
4663.0 1.74130297523e-07
4665.0 5.22390892568e-07
4669.0 1.74130297523e-07
4670.0 1.74130297523e-07
4673.0 1.74130297523e-07
4674.0 1.74130297523e-07
4675.0 3.48260595045e-07
4676.0 1.74130297523e-07
4679.0 1.74130297523e-07
4680.0 3.48260595045e-07
4682.0 1.74130297523e-07
4683.0 1.74130297523e-07
4684.0 1.74130297523e-07
4685.0 3.48260595045e-07
4686.0 1.74130297523e-07
4687.0 1.74130297523e-07
4689.0 1.74130297523e-07
4690.0 1.74130297523e-07
4692.0 3.48260595045e-07
4693.0 3.48260595045e-07
4695.0 6.9652119009e-07
4696.0 1.74130297523e-07
4697.0 1.74130297523e-07
4698.0 3.48260595045e-07
4699.0 1.74130297523e-07
4702.0 5.22390892568e-07
4706.0 1.74130297523e-07
4707.0 1.74130297523e-07
4708.0 1.74130297523e-07
4709.0 3.48260595045e-07
4710.0 1.74130297523e-07
4712.0 3.48260595045e-07
4713.0 3.48260595045e-07
4715.0 1.74130297523e-07
4718.0 1.74130297523e-07
4719.0 1.74130297523e-07
4720.0 1.74130297523e-07
4722.0 1.74130297523e-07
4723.0 1.74130297523e-07
4725.0 3.48260595045e-07
4727.0 1.74130297523e-07
4729.0 1.74130297523e-07
4730.0 1.74130297523e-07
4732.0 1.74130297523e-07
4734.0 1.74130297523e-07
4735.0 1.74130297523e-07
4736.0 1.74130297523e-07
4737.0 1.74130297523e-07
4740.0 3.48260595045e-07
4741.0 1.74130297523e-07
4744.0 1.74130297523e-07
4745.0 1.74130297523e-07
4749.0 1.74130297523e-07
4750.0 6.9652119009e-07
4751.0 1.74130297523e-07
4752.0 1.74130297523e-07
4755.0 3.48260595045e-07
4759.0 1.74130297523e-07
4764.0 3.48260595045e-07
4767.0 1.74130297523e-07
4768.0 1.74130297523e-07
4769.0 1.74130297523e-07
4771.0 1.74130297523e-07
4773.0 1.74130297523e-07
4775.0 1.74130297523e-07
4777.0 1.74130297523e-07
4779.0 3.48260595045e-07
4780.0 1.74130297523e-07
4782.0 3.48260595045e-07
4783.0 3.48260595045e-07
4789.0 1.74130297523e-07
4792.0 1.74130297523e-07
4793.0 1.74130297523e-07
4794.0 1.74130297523e-07
4795.0 1.74130297523e-07
4798.0 3.48260595045e-07
4801.0 1.74130297523e-07
4808.0 1.74130297523e-07
4810.0 1.74130297523e-07
4812.0 1.74130297523e-07
4817.0 1.74130297523e-07
4818.0 1.74130297523e-07
4819.0 1.74130297523e-07
4822.0 1.74130297523e-07
4824.0 1.74130297523e-07
4827.0 5.22390892568e-07
4832.0 1.74130297523e-07
4838.0 1.74130297523e-07
4846.0 1.74130297523e-07
4850.0 1.74130297523e-07
4851.0 1.74130297523e-07
4853.0 1.74130297523e-07
4854.0 1.74130297523e-07
4865.0 1.74130297523e-07
4868.0 1.74130297523e-07
4870.0 3.48260595045e-07
4879.0 1.74130297523e-07
4880.0 1.74130297523e-07
4881.0 1.74130297523e-07
4882.0 1.74130297523e-07
4884.0 1.74130297523e-07
4889.0 1.74130297523e-07
4892.0 3.48260595045e-07
4899.0 1.74130297523e-07
4915.0 1.74130297523e-07
4919.0 1.74130297523e-07
4925.0 1.74130297523e-07
4943.0 1.74130297523e-07
4949.0 1.74130297523e-07
4951.0 1.74130297523e-07
4955.0 1.74130297523e-07
4962.0 3.48260595045e-07
4965.0 1.74130297523e-07
4967.0 1.74130297523e-07
4969.0 1.74130297523e-07
4974.0 1.74130297523e-07
5003.0 1.74130297523e-07
5007.0 1.74130297523e-07
5033.0 1.74130297523e-07
5052.0 1.74130297523e-07
5053.0 1.74130297523e-07
5067.0 1.74130297523e-07
5091.0 1.74130297523e-07
5129.0 1.74130297523e-07
5146.0 1.74130297523e-07
5207.0 1.74130297523e-07
5238.0 1.74130297523e-07
5271.0 1.74130297523e-07
5709.0 1.74130297523e-07
5916.0 1.74130297523e-07
