0
1.0 0.000483045410178
2.0 4.17017620298e-05
3.0 5.6471136082e-06
4.0 1.95477009515e-06
5.0 3.04075348134e-06
6.0 2.60636012686e-06
7.0 5.21272025372e-06
8.0 2.38916344962e-06
9.0 5.6471136082e-06
10.0 1.52037674067e-06
11.0 1.73757341791e-06
12.0 3.04075348134e-06
13.0 1.30318006343e-06
14.0 1.95477009515e-06
15.0 3.25795015858e-06
16.0 3.47514683581e-06
17.0 3.25795015858e-06
18.0 1.73757341791e-06
19.0 3.90954019029e-06
20.0 3.47514683581e-06
21.0 5.21272025372e-06
22.0 8.4706704123e-06
23.0 7.60188370334e-06
24.0 2.23712577556e-05
25.0 0.00757495131536
26.0 0.000988679274789
27.0 9.55665379849e-06
28.0 4.77832689924e-06
29.0 4.34393354477e-06
30.0 3.90954019029e-06
31.0 2.38916344962e-06
32.0 4.12673686753e-06
33.0 1.73757341791e-06
34.0 8.68786708953e-07
35.0 1.52037674067e-06
36.0 1.52037674067e-06
37.0 1.73757341791e-06
38.0 3.04075348134e-06
39.0 2.60636012686e-06
40.0 3.04075348134e-06
41.0 1.73757341791e-06
42.0 3.69234351305e-06
43.0 4.99552357648e-06
44.0 3.90954019029e-06
45.0 4.99552357648e-06
46.0 2.38916344962e-06
47.0 1.73757341791e-06
48.0 3.25795015858e-06
49.0 1.30318006343e-06
50.0 2.60636012686e-06
51.0 2.17196677238e-06
52.0 3.25795015858e-06
53.0 4.12673686753e-06
54.0 2.38916344962e-06
55.0 1.73757341791e-06
56.0 2.38916344962e-06
57.0 3.04075348134e-06
58.0 3.25795015858e-06
59.0 4.34393354477e-06
60.0 4.56113022201e-06
61.0 3.90954019029e-06
62.0 6.73309699439e-06
63.0 6.29870363991e-06
64.0 7.16749034887e-06
65.0 5.21272025372e-06
66.0 5.86431028544e-06
67.0 5.6471136082e-06
68.0 6.29870363991e-06
69.0 6.08150696267e-06
70.0 8.90506376677e-06
71.0 1.02082438302e-05
72.0 9.55665379849e-06
73.0 7.60188370334e-06
74.0 5.21272025372e-06
75.0 6.73309699439e-06
76.0 3.90954019029e-06
77.0 5.86431028544e-06
78.0 6.08150696267e-06
79.0 5.86431028544e-06
80.0 4.12673686753e-06
81.0 3.25795015858e-06
82.0 2.8235568041e-06
83.0 3.25795015858e-06
84.0 5.21272025372e-06
85.0 4.99552357648e-06
86.0 3.90954019029e-06
87.0 2.8235568041e-06
88.0 2.17196677238e-06
89.0 2.17196677238e-06
90.0 1.52037674067e-06
91.0 2.38916344962e-06
92.0 2.60636012686e-06
93.0 1.52037674067e-06
94.0 2.8235568041e-06
95.0 2.38916344962e-06
96.0 1.73757341791e-06
97.0 1.95477009515e-06
98.0 1.95477009515e-06
99.0 2.38916344962e-06
100.0 1.95477009515e-06
101.0 1.73757341791e-06
102.0 2.60636012686e-06
103.0 1.73757341791e-06
104.0 1.52037674067e-06
105.0 1.30318006343e-06
106.0 1.73757341791e-06
107.0 2.8235568041e-06
108.0 1.52037674067e-06
109.0 4.34393354477e-07
110.0 2.17196677238e-07
111.0 1.30318006343e-06
112.0 2.60636012686e-06
113.0 1.95477009515e-06
114.0 1.08598338619e-06
115.0 2.60636012686e-06
116.0 1.08598338619e-06
117.0 3.69234351305e-06
118.0 3.47514683581e-06
119.0 3.25795015858e-06
120.0 3.47514683581e-06
121.0 6.08150696267e-06
122.0 7.3846870261e-06
123.0 8.03627705782e-06
124.0 4.12673686753e-06
125.0 7.3846870261e-06
126.0 1.49865707294e-05
127.0 1.23802106026e-05
128.0 5.6471136082e-06
129.0 1.10770305392e-05
130.0 7.16749034887e-06
131.0 7.3846870261e-06
132.0 1.12942272164e-05
133.0 1.08598338619e-05
134.0 6.51590031715e-06
135.0 9.55665379849e-06
136.0 7.60188370334e-06
137.0 6.29870363991e-06
138.0 9.99104715296e-06
139.0 8.25347373506e-06
140.0 5.21272025372e-06
141.0 7.16749034887e-06
142.0 1.10770305392e-05
143.0 9.12226044401e-06
144.0 1.02082438302e-05
145.0 1.15114238936e-05
146.0 1.15114238936e-05
147.0 1.23802106026e-05
148.0 1.34661939888e-05
149.0 1.43349806977e-05
150.0 1.78101275335e-05
151.0 1.43349806977e-05
152.0 1.21630139253e-05
153.0 1.52037674067e-05
154.0 1.47693740522e-05
155.0 9.12226044401e-06
156.0 9.99104715296e-06
157.0 6.73309699439e-06
158.0 5.86431028544e-06
159.0 4.77832689924e-06
160.0 5.6471136082e-06
161.0 4.12673686753e-06
162.0 5.6471136082e-06
163.0 3.69234351305e-06
164.0 4.99552357648e-06
165.0 4.34393354477e-06
166.0 1.52037674067e-06
167.0 4.56113022201e-06
168.0 2.38916344962e-06
169.0 2.8235568041e-06
170.0 2.8235568041e-06
171.0 3.47514683581e-06
172.0 2.38916344962e-06
173.0 2.60636012686e-06
174.0 1.95477009515e-06
175.0 1.73757341791e-06
176.0 2.60636012686e-06
177.0 8.68786708953e-07
178.0 2.60636012686e-06
179.0 5.86431028544e-06
180.0 3.25795015858e-06
181.0 1.30318006343e-06
182.0 2.60636012686e-06
183.0 1.52037674067e-06
184.0 1.30318006343e-06
185.0 8.68786708953e-07
186.0 6.51590031715e-07
187.0 1.52037674067e-06
188.0 1.52037674067e-06
189.0 8.68786708953e-07
190.0 1.30318006343e-06
191.0 1.08598338619e-06
192.0 8.68786708953e-07
193.0 1.95477009515e-06
194.0 1.95477009515e-06
195.0 5.86431028544e-06
196.0 4.34393354477e-07
197.0 1.30318006343e-06
198.0 1.95477009515e-06
199.0 6.51590031715e-07
200.0 8.68786708953e-07
201.0 1.30318006343e-06
202.0 1.08598338619e-06
203.0 1.73757341791e-06
204.0 1.08598338619e-06
205.0 1.95477009515e-06
206.0 4.34393354477e-07
207.0 1.08598338619e-06
208.0 1.52037674067e-06
209.0 1.08598338619e-06
210.0 1.95477009515e-06
211.0 1.52037674067e-06
212.0 1.52037674067e-06
213.0 8.68786708953e-07
214.0 1.08598338619e-06
215.0 4.34393354477e-07
216.0 1.95477009515e-06
217.0 1.95477009515e-06
218.0 6.51590031715e-07
219.0 1.73757341791e-06
220.0 1.73757341791e-06
221.0 6.51590031715e-07
222.0 1.52037674067e-06
223.0 2.8235568041e-06
224.0 1.52037674067e-06
225.0 8.68786708953e-07
226.0 1.95477009515e-06
227.0 1.95477009515e-06
228.0 1.08598338619e-06
229.0 2.17196677238e-06
230.0 6.51590031715e-07
231.0 1.52037674067e-06
232.0 1.95477009515e-06
233.0 2.8235568041e-06
234.0 1.73757341791e-06
235.0 1.73757341791e-06
236.0 2.38916344962e-06
237.0 6.29870363991e-06
238.0 2.17196677238e-06
239.0 1.08598338619e-06
240.0 6.51590031715e-07
241.0 1.73757341791e-06
242.0 2.17196677238e-06
243.0 2.38916344962e-06
244.0 2.17196677238e-06
245.0 1.30318006343e-06
246.0 3.04075348134e-06
247.0 2.17196677238e-06
248.0 3.25795015858e-06
249.0 3.25795015858e-06
250.0 2.8235568041e-06
251.0 2.60636012686e-06
252.0 2.38916344962e-06
253.0 3.04075348134e-06
254.0 2.8235568041e-06
255.0 3.25795015858e-06
256.0 1.73757341791e-06
257.0 4.34393354477e-06
258.0 5.86431028544e-06
259.0 3.25795015858e-06
260.0 4.34393354477e-06
261.0 4.77832689924e-06
262.0 3.25795015858e-06
263.0 3.69234351305e-06
264.0 3.04075348134e-06
265.0 5.42991693096e-06
266.0 3.90954019029e-06
267.0 4.34393354477e-06
268.0 4.56113022201e-06
269.0 4.99552357648e-06
270.0 4.34393354477e-06
271.0 4.34393354477e-06
272.0 4.34393354477e-06
273.0 3.69234351305e-06
274.0 3.25795015858e-06
275.0 3.25795015858e-06
276.0 3.04075348134e-06
277.0 1.52037674067e-06
278.0 3.47514683581e-06
279.0 3.69234351305e-06
280.0 4.99552357648e-06
281.0 3.47514683581e-06
282.0 4.77832689924e-06
283.0 4.12673686753e-06
284.0 3.47514683581e-06
285.0 2.38916344962e-06
286.0 6.29870363991e-06
287.0 3.25795015858e-06
288.0 4.99552357648e-06
289.0 1.95477009515e-06
290.0 6.95029367163e-06
291.0 4.34393354477e-06
292.0 1.52037674067e-06
293.0 1.73757341791e-06
294.0 2.8235568041e-06
295.0 5.21272025372e-06
296.0 3.69234351305e-06
297.0 3.25795015858e-06
298.0 2.38916344962e-06
299.0 3.25795015858e-06
300.0 4.34393354477e-06
301.0 3.69234351305e-06
302.0 3.25795015858e-06
303.0 2.17196677238e-06
304.0 3.25795015858e-06
305.0 2.17196677238e-06
306.0 1.73757341791e-06
307.0 2.38916344962e-06
308.0 1.52037674067e-06
309.0 2.8235568041e-06
310.0 3.04075348134e-06
311.0 2.60636012686e-06
312.0 2.38916344962e-06
313.0 1.52037674067e-06
314.0 2.17196677238e-06
315.0 1.95477009515e-06
316.0 2.38916344962e-06
317.0 1.08598338619e-06
318.0 1.08598338619e-06
319.0 4.34393354477e-06
320.0 1.52037674067e-06
321.0 3.47514683581e-06
322.0 1.73757341791e-06
323.0 2.8235568041e-06
324.0 1.95477009515e-06
325.0 1.73757341791e-06
326.0 2.17196677238e-06
327.0 2.60636012686e-06
328.0 2.17196677238e-06
329.0 1.30318006343e-06
330.0 2.38916344962e-06
331.0 2.38916344962e-06
332.0 1.30318006343e-06
333.0 2.38916344962e-06
334.0 5.42991693096e-06
335.0 3.04075348134e-06
336.0 1.73757341791e-06
337.0 2.60636012686e-06
338.0 3.04075348134e-06
339.0 8.68786708953e-07
340.0 1.08598338619e-06
341.0 2.38916344962e-06
342.0 1.30318006343e-06
343.0 2.60636012686e-06
344.0 2.60636012686e-06
345.0 6.29870363991e-06
346.0 2.8235568041e-06
347.0 2.17196677238e-06
348.0 3.90954019029e-06
349.0 1.95477009515e-06
350.0 1.95477009515e-06
351.0 1.52037674067e-06
352.0 2.17196677238e-06
353.0 1.73757341791e-06
354.0 1.08598338619e-06
355.0 1.08598338619e-06
356.0 2.8235568041e-06
357.0 2.38916344962e-06
358.0 1.73757341791e-06
359.0 1.30318006343e-06
360.0 3.69234351305e-06
361.0 2.17196677238e-06
362.0 2.17196677238e-06
363.0 1.30318006343e-06
364.0 2.60636012686e-06
365.0 1.52037674067e-06
366.0 1.73757341791e-06
367.0 2.17196677238e-06
368.0 1.52037674067e-06
369.0 1.08598338619e-06
370.0 2.38916344962e-06
371.0 1.73757341791e-06
372.0 1.52037674067e-06
373.0 6.51590031715e-07
374.0 1.52037674067e-06
375.0 1.73757341791e-06
376.0 2.17196677238e-07
377.0 1.08598338619e-06
378.0 1.08598338619e-06
379.0 2.60636012686e-06
380.0 1.73757341791e-06
381.0 1.52037674067e-06
382.0 2.38916344962e-06
383.0 1.95477009515e-06
384.0 1.52037674067e-06
385.0 2.17196677238e-06
386.0 3.47514683581e-06
387.0 1.95477009515e-06
388.0 1.30318006343e-06
389.0 1.08598338619e-06
390.0 1.95477009515e-06
391.0 1.52037674067e-06
392.0 1.30318006343e-06
393.0 1.30318006343e-06
394.0 1.30318006343e-06
395.0 1.52037674067e-06
396.0 8.68786708953e-07
397.0 1.73757341791e-06
398.0 2.8235568041e-06
399.0 1.73757341791e-06
400.0 1.73757341791e-06
401.0 1.95477009515e-06
402.0 3.90954019029e-06
403.0 3.47514683581e-06
404.0 3.69234351305e-06
405.0 1.73757341791e-06
406.0 1.52037674067e-06
407.0 1.52037674067e-06
408.0 1.73757341791e-06
409.0 2.38916344962e-06
410.0 3.25795015858e-06
411.0 3.04075348134e-06
412.0 2.17196677238e-06
413.0 4.34393354477e-06
414.0 3.47514683581e-06
415.0 2.17196677238e-06
416.0 1.52037674067e-06
417.0 2.8235568041e-06
418.0 2.38916344962e-06
419.0 1.73757341791e-06
420.0 1.95477009515e-06
421.0 2.17196677238e-06
422.0 2.60636012686e-06
423.0 3.25795015858e-06
424.0 3.04075348134e-06
425.0 1.95477009515e-06
426.0 2.8235568041e-06
427.0 1.73757341791e-06
428.0 2.17196677238e-06
429.0 2.60636012686e-06
430.0 1.95477009515e-06
431.0 2.38916344962e-06
432.0 2.8235568041e-06
433.0 3.90954019029e-06
434.0 2.8235568041e-06
435.0 1.95477009515e-06
436.0 2.17196677238e-06
437.0 5.42991693096e-06
438.0 2.17196677238e-06
439.0 3.25795015858e-06
440.0 2.8235568041e-06
441.0 2.8235568041e-06
442.0 2.17196677238e-06
443.0 3.04075348134e-06
444.0 4.99552357648e-06
445.0 4.77832689924e-06
446.0 2.38916344962e-06
447.0 3.25795015858e-06
448.0 4.34393354477e-06
449.0 3.69234351305e-06
450.0 3.90954019029e-06
451.0 4.34393354477e-06
452.0 3.25795015858e-06
453.0 2.8235568041e-06
454.0 3.69234351305e-06
455.0 3.90954019029e-06
456.0 3.04075348134e-06
457.0 8.25347373506e-06
458.0 4.12673686753e-06
459.0 4.56113022201e-06
460.0 4.56113022201e-06
461.0 3.69234351305e-06
462.0 3.25795015858e-06
463.0 4.77832689924e-06
464.0 3.25795015858e-06
465.0 5.42991693096e-06
466.0 4.77832689924e-06
467.0 4.12673686753e-06
468.0 6.73309699439e-06
469.0 5.21272025372e-06
470.0 3.25795015858e-06
471.0 3.69234351305e-06
472.0 4.34393354477e-06
473.0 3.47514683581e-06
474.0 5.42991693096e-06
475.0 5.86431028544e-06
476.0 5.6471136082e-06
477.0 4.77832689924e-06
478.0 4.34393354477e-06
479.0 4.99552357648e-06
480.0 7.81908038058e-06
481.0 5.6471136082e-06
482.0 4.12673686753e-06
483.0 5.42991693096e-06
484.0 5.42991693096e-06
485.0 4.34393354477e-06
486.0 4.56113022201e-06
487.0 6.95029367163e-06
488.0 5.6471136082e-06
489.0 6.73309699439e-06
490.0 6.95029367163e-06
491.0 6.73309699439e-06
492.0 5.21272025372e-06
493.0 5.42991693096e-06
494.0 8.03627705782e-06
495.0 5.6471136082e-06
496.0 4.99552357648e-06
497.0 2.8235568041e-06
498.0 6.08150696267e-06
499.0 8.68786708953e-06
500.0 5.86431028544e-06
501.0 4.34393354477e-06
502.0 4.99552357648e-06
503.0 4.77832689924e-06
504.0 6.08150696267e-06
505.0 5.42991693096e-06
506.0 5.21272025372e-06
507.0 4.56113022201e-06
508.0 3.69234351305e-06
509.0 4.56113022201e-06
510.0 5.6471136082e-06
511.0 4.77832689924e-06
512.0 5.21272025372e-06
513.0 3.90954019029e-06
514.0 4.77832689924e-06
515.0 4.56113022201e-06
516.0 5.6471136082e-06
517.0 3.47514683581e-06
518.0 2.38916344962e-06
519.0 4.99552357648e-06
520.0 2.38916344962e-06
521.0 4.99552357648e-06
522.0 4.56113022201e-06
523.0 3.90954019029e-06
524.0 4.77832689924e-06
525.0 2.8235568041e-06
526.0 4.99552357648e-06
527.0 4.77832689924e-06
528.0 3.04075348134e-06
529.0 2.8235568041e-06
530.0 3.69234351305e-06
531.0 4.12673686753e-06
532.0 4.56113022201e-06
533.0 4.12673686753e-06
534.0 3.25795015858e-06
535.0 3.25795015858e-06
536.0 2.38916344962e-06
537.0 3.47514683581e-06
538.0 3.25795015858e-06
539.0 1.73757341791e-06
540.0 3.04075348134e-06
541.0 2.38916344962e-06
542.0 3.04075348134e-06
543.0 1.95477009515e-06
544.0 1.52037674067e-06
545.0 3.47514683581e-06
546.0 1.30318006343e-06
547.0 3.04075348134e-06
548.0 2.38916344962e-06
549.0 2.60636012686e-06
550.0 4.12673686753e-06
551.0 1.95477009515e-06
552.0 3.04075348134e-06
553.0 3.47514683581e-06
554.0 1.08598338619e-06
555.0 2.38916344962e-06
556.0 2.8235568041e-06
557.0 2.60636012686e-06
558.0 2.38916344962e-06
559.0 1.95477009515e-06
560.0 3.04075348134e-06
561.0 1.73757341791e-06
562.0 1.73757341791e-06
563.0 1.95477009515e-06
564.0 2.60636012686e-06
565.0 1.73757341791e-06
566.0 2.17196677238e-06
567.0 8.68786708953e-07
568.0 2.38916344962e-06
569.0 1.52037674067e-06
570.0 2.38916344962e-06
571.0 2.17196677238e-06
572.0 2.17196677238e-06
573.0 4.56113022201e-06
574.0 2.17196677238e-06
575.0 1.73757341791e-06
576.0 2.38916344962e-06
577.0 2.38916344962e-06
578.0 1.52037674067e-06
579.0 1.30318006343e-06
580.0 1.73757341791e-06
581.0 6.51590031715e-07
582.0 1.30318006343e-06
583.0 6.51590031715e-07
584.0 1.73757341791e-06
585.0 1.73757341791e-06
586.0 1.30318006343e-06
587.0 6.51590031715e-07
588.0 1.30318006343e-06
589.0 1.52037674067e-06
590.0 1.73757341791e-06
591.0 1.30318006343e-06
592.0 2.38916344962e-06
593.0 1.52037674067e-06
594.0 1.30318006343e-06
595.0 3.04075348134e-06
596.0 1.30318006343e-06
597.0 1.52037674067e-06
598.0 3.69234351305e-06
599.0 8.68786708953e-07
600.0 2.38916344962e-06
601.0 3.04075348134e-06
602.0 2.38916344962e-06
603.0 1.73757341791e-06
604.0 1.73757341791e-06
605.0 2.60636012686e-06
606.0 1.30318006343e-06
607.0 8.68786708953e-07
608.0 1.30318006343e-06
609.0 2.60636012686e-06
610.0 2.17196677238e-06
611.0 1.73757341791e-06
612.0 1.08598338619e-06
613.0 1.95477009515e-06
614.0 1.08598338619e-06
615.0 1.52037674067e-06
616.0 8.68786708953e-07
617.0 1.52037674067e-06
618.0 2.17196677238e-06
619.0 1.30318006343e-06
620.0 1.30318006343e-06
621.0 1.73757341791e-06
622.0 1.52037674067e-06
623.0 1.95477009515e-06
624.0 1.52037674067e-06
625.0 1.73757341791e-06
626.0 1.08598338619e-06
627.0 2.17196677238e-06
628.0 1.52037674067e-06
629.0 1.52037674067e-06
630.0 2.38916344962e-06
631.0 1.08598338619e-06
632.0 2.60636012686e-06
633.0 6.51590031715e-07
634.0 2.8235568041e-06
635.0 1.73757341791e-06
636.0 2.8235568041e-06
637.0 2.17196677238e-06
638.0 1.08598338619e-06
639.0 2.8235568041e-06
640.0 1.30318006343e-06
641.0 1.73757341791e-06
642.0 2.8235568041e-06
643.0 3.25795015858e-06
644.0 1.08598338619e-06
645.0 2.60636012686e-06
646.0 1.52037674067e-06
647.0 8.68786708953e-07
648.0 2.60636012686e-06
649.0 8.68786708953e-07
650.0 8.68786708953e-07
651.0 1.95477009515e-06
652.0 1.73757341791e-06
653.0 3.25795015858e-06
654.0 2.17196677238e-06
655.0 2.38916344962e-06
656.0 2.38916344962e-06
657.0 2.17196677238e-06
658.0 2.8235568041e-06
659.0 3.25795015858e-06
660.0 1.73757341791e-06
661.0 1.95477009515e-06
662.0 3.25795015858e-06
663.0 1.30318006343e-06
664.0 3.04075348134e-06
665.0 1.52037674067e-06
666.0 1.73757341791e-06
667.0 2.38916344962e-06
668.0 3.25795015858e-06
669.0 2.8235568041e-06
670.0 1.73757341791e-06
671.0 1.73757341791e-06
672.0 2.17196677238e-06
673.0 2.60636012686e-06
674.0 1.95477009515e-06
675.0 6.29870363991e-06
676.0 2.8235568041e-06
677.0 8.68786708953e-07
678.0 2.60636012686e-06
679.0 2.17196677238e-06
680.0 3.04075348134e-06
681.0 2.60636012686e-06
682.0 2.38916344962e-06
683.0 1.95477009515e-06
684.0 3.47514683581e-06
685.0 8.68786708953e-07
686.0 1.30318006343e-06
687.0 1.73757341791e-06
688.0 3.04075348134e-06
689.0 6.51590031715e-07
690.0 3.04075348134e-06
691.0 2.17196677238e-06
692.0 3.25795015858e-06
693.0 2.60636012686e-06
694.0 2.38916344962e-06
695.0 3.25795015858e-06
696.0 3.04075348134e-06
697.0 1.95477009515e-06
698.0 3.25795015858e-06
699.0 2.60636012686e-06
700.0 3.47514683581e-06
701.0 3.25795015858e-06
702.0 3.04075348134e-06
703.0 1.52037674067e-06
704.0 3.04075348134e-06
705.0 4.12673686753e-06
706.0 4.99552357648e-06
707.0 1.52037674067e-06
708.0 3.25795015858e-06
709.0 2.17196677238e-06
710.0 5.42991693096e-06
711.0 1.95477009515e-06
712.0 3.90954019029e-06
713.0 3.25795015858e-06
714.0 2.60636012686e-06
715.0 2.8235568041e-06
716.0 6.51590031715e-07
717.0 2.8235568041e-06
718.0 3.47514683581e-06
719.0 1.73757341791e-06
720.0 2.17196677238e-06
721.0 1.30318006343e-06
722.0 3.69234351305e-06
723.0 3.25795015858e-06
724.0 3.47514683581e-06
725.0 3.04075348134e-06
726.0 2.8235568041e-06
727.0 3.47514683581e-06
728.0 2.17196677238e-06
729.0 3.04075348134e-06
730.0 1.52037674067e-06
731.0 1.95477009515e-06
732.0 1.73757341791e-06
733.0 1.73757341791e-06
734.0 3.04075348134e-06
735.0 4.12673686753e-06
736.0 2.8235568041e-06
737.0 2.60636012686e-06
738.0 3.90954019029e-06
739.0 2.8235568041e-06
740.0 3.04075348134e-06
741.0 4.99552357648e-06
742.0 1.52037674067e-06
743.0 3.04075348134e-06
744.0 2.8235568041e-06
745.0 2.60636012686e-06
746.0 3.04075348134e-06
747.0 3.69234351305e-06
748.0 4.56113022201e-06
749.0 2.17196677238e-06
750.0 3.69234351305e-06
751.0 4.56113022201e-06
752.0 5.42991693096e-06
753.0 3.90954019029e-06
754.0 3.69234351305e-06
755.0 2.17196677238e-06
756.0 1.30318006343e-06
757.0 2.8235568041e-06
758.0 4.34393354477e-06
759.0 5.21272025372e-06
760.0 2.8235568041e-06
761.0 3.04075348134e-06
762.0 3.04075348134e-06
763.0 4.56113022201e-06
764.0 4.77832689924e-06
765.0 2.60636012686e-06
766.0 1.95477009515e-06
767.0 2.8235568041e-06
768.0 4.56113022201e-06
769.0 3.25795015858e-06
770.0 2.8235568041e-06
771.0 4.12673686753e-06
772.0 3.47514683581e-06
773.0 2.8235568041e-06
774.0 3.90954019029e-06
775.0 2.38916344962e-06
776.0 2.8235568041e-06
777.0 3.47514683581e-06
778.0 3.90954019029e-06
779.0 4.56113022201e-06
780.0 4.12673686753e-06
781.0 5.21272025372e-06
782.0 4.77832689924e-06
783.0 3.47514683581e-06
784.0 3.90954019029e-06
785.0 5.42991693096e-06
786.0 4.12673686753e-06
787.0 3.25795015858e-06
788.0 3.69234351305e-06
789.0 3.90954019029e-06
790.0 2.60636012686e-06
791.0 4.77832689924e-06
792.0 3.25795015858e-06
793.0 4.34393354477e-06
794.0 4.77832689924e-06
795.0 3.90954019029e-06
796.0 4.34393354477e-06
797.0 3.47514683581e-06
798.0 3.69234351305e-06
799.0 3.25795015858e-06
800.0 2.38916344962e-06
801.0 4.77832689924e-06
802.0 2.60636012686e-06
803.0 3.90954019029e-06
804.0 2.60636012686e-06
805.0 3.47514683581e-06
806.0 3.04075348134e-06
807.0 3.90954019029e-06
808.0 2.38916344962e-06
809.0 2.8235568041e-06
810.0 4.12673686753e-06
811.0 2.8235568041e-06
812.0 3.25795015858e-06
813.0 2.38916344962e-06
814.0 3.90954019029e-06
815.0 2.8235568041e-06
816.0 2.38916344962e-06
817.0 3.04075348134e-06
818.0 3.04075348134e-06
819.0 4.56113022201e-06
820.0 3.69234351305e-06
821.0 2.38916344962e-06
822.0 4.12673686753e-06
823.0 4.56113022201e-06
824.0 6.95029367163e-06
825.0 2.17196677238e-06
826.0 3.90954019029e-06
827.0 4.34393354477e-06
828.0 2.17196677238e-06
829.0 2.60636012686e-06
830.0 3.25795015858e-06
831.0 4.77832689924e-06
832.0 4.77832689924e-06
833.0 2.8235568041e-06
834.0 4.56113022201e-06
835.0 4.77832689924e-06
836.0 3.90954019029e-06
837.0 3.69234351305e-06
838.0 4.12673686753e-06
839.0 4.99552357648e-06
840.0 3.90954019029e-06
841.0 3.47514683581e-06
842.0 2.60636012686e-06
843.0 3.90954019029e-06
844.0 4.12673686753e-06
845.0 2.17196677238e-06
846.0 2.8235568041e-06
847.0 5.6471136082e-06
848.0 3.90954019029e-06
849.0 2.17196677238e-06
850.0 3.47514683581e-06
851.0 3.47514683581e-06
852.0 2.8235568041e-06
853.0 3.25795015858e-06
854.0 3.47514683581e-06
855.0 2.8235568041e-06
856.0 5.42991693096e-06
857.0 2.8235568041e-06
858.0 4.99552357648e-06
859.0 5.42991693096e-06
860.0 1.73757341791e-06
861.0 3.90954019029e-06
862.0 3.90954019029e-06
863.0 2.60636012686e-06
864.0 5.21272025372e-06
865.0 4.77832689924e-06
866.0 4.34393354477e-06
867.0 5.21272025372e-06
868.0 2.60636012686e-06
869.0 2.17196677238e-06
870.0 4.77832689924e-06
871.0 4.56113022201e-06
872.0 3.47514683581e-06
873.0 3.04075348134e-06
874.0 5.21272025372e-06
875.0 4.56113022201e-06
876.0 3.90954019029e-06
877.0 5.21272025372e-06
878.0 4.56113022201e-06
879.0 4.34393354477e-06
880.0 3.25795015858e-06
881.0 3.04075348134e-06
882.0 4.34393354477e-06
883.0 4.12673686753e-06
884.0 2.60636012686e-06
885.0 3.69234351305e-06
886.0 2.60636012686e-06
887.0 2.8235568041e-06
888.0 3.69234351305e-06
889.0 3.25795015858e-06
890.0 4.77832689924e-06
891.0 4.56113022201e-06
892.0 4.34393354477e-06
893.0 4.99552357648e-06
894.0 3.90954019029e-06
895.0 3.04075348134e-06
896.0 3.90954019029e-06
897.0 2.8235568041e-06
898.0 3.25795015858e-06
899.0 2.8235568041e-06
900.0 1.95477009515e-06
901.0 5.21272025372e-06
902.0 4.34393354477e-06
903.0 4.34393354477e-06
904.0 3.69234351305e-06
905.0 4.34393354477e-06
906.0 3.25795015858e-06
907.0 4.56113022201e-06
908.0 5.6471136082e-06
909.0 3.69234351305e-06
910.0 4.34393354477e-06
911.0 4.34393354477e-06
912.0 3.47514683581e-06
913.0 3.69234351305e-06
914.0 2.60636012686e-06
915.0 4.77832689924e-06
916.0 3.90954019029e-06
917.0 3.47514683581e-06
918.0 4.77832689924e-06
919.0 3.90954019029e-06
920.0 4.77832689924e-06
921.0 4.77832689924e-06
922.0 4.77832689924e-06
923.0 3.69234351305e-06
924.0 5.6471136082e-06
925.0 3.04075348134e-06
926.0 2.8235568041e-06
927.0 2.8235568041e-06
928.0 4.77832689924e-06
929.0 4.99552357648e-06
930.0 5.21272025372e-06
931.0 3.69234351305e-06
932.0 3.90954019029e-06
933.0 6.51590031715e-06
934.0 3.90954019029e-06
935.0 3.04075348134e-06
936.0 3.47514683581e-06
937.0 3.04075348134e-06
938.0 3.90954019029e-06
939.0 4.34393354477e-06
940.0 4.77832689924e-06
941.0 5.86431028544e-06
942.0 3.04075348134e-06
943.0 5.6471136082e-06
944.0 5.42991693096e-06
945.0 5.6471136082e-06
946.0 3.47514683581e-06
947.0 3.69234351305e-06
948.0 4.56113022201e-06
949.0 5.42991693096e-06
950.0 4.56113022201e-06
951.0 5.21272025372e-06
952.0 5.42991693096e-06
953.0 6.95029367163e-06
954.0 4.99552357648e-06
955.0 4.34393354477e-06
956.0 6.08150696267e-06
957.0 3.90954019029e-06
958.0 5.86431028544e-06
959.0 6.29870363991e-06
960.0 3.25795015858e-06
961.0 6.29870363991e-06
962.0 8.03627705782e-06
963.0 3.69234351305e-06
964.0 5.21272025372e-06
965.0 6.08150696267e-06
966.0 4.77832689924e-06
967.0 6.08150696267e-06
968.0 6.29870363991e-06
969.0 6.73309699439e-06
970.0 7.16749034887e-06
971.0 6.95029367163e-06
972.0 5.21272025372e-06
973.0 6.29870363991e-06
974.0 3.69234351305e-06
975.0 5.21272025372e-06
976.0 7.16749034887e-06
977.0 6.29870363991e-06
978.0 5.21272025372e-06
979.0 4.56113022201e-06
980.0 7.3846870261e-06
981.0 5.21272025372e-06
982.0 5.86431028544e-06
983.0 4.99552357648e-06
984.0 4.99552357648e-06
985.0 6.08150696267e-06
986.0 6.73309699439e-06
987.0 7.3846870261e-06
988.0 5.86431028544e-06
989.0 8.25347373506e-06
990.0 6.29870363991e-06
991.0 6.95029367163e-06
992.0 5.6471136082e-06
993.0 6.73309699439e-06
994.0 6.29870363991e-06
995.0 6.73309699439e-06
996.0 8.68786708953e-06
997.0 8.03627705782e-06
998.0 8.03627705782e-06
999.0 7.16749034887e-06
1000.0 8.4706704123e-06
1001.0 6.51590031715e-06
1002.0 7.3846870261e-06
1003.0 8.90506376677e-06
1004.0 8.25347373506e-06
1005.0 5.6471136082e-06
1006.0 8.03627705782e-06
1007.0 8.4706704123e-06
1008.0 7.3846870261e-06
1009.0 6.73309699439e-06
1010.0 9.12226044401e-06
1011.0 6.51590031715e-06
1012.0 8.68786708953e-06
1013.0 6.08150696267e-06
1014.0 8.25347373506e-06
1015.0 7.16749034887e-06
1016.0 8.03627705782e-06
1017.0 8.4706704123e-06
1018.0 8.68786708953e-06
1019.0 1.04254405074e-05
1020.0 8.03627705782e-06
1021.0 1.02082438302e-05
1022.0 1.02082438302e-05
1023.0 9.55665379849e-06
1024.0 8.90506376677e-06
1025.0 8.25347373506e-06
1026.0 1.04254405074e-05
1027.0 1.32489973115e-05
1028.0 8.90506376677e-06
1029.0 9.33945712125e-06
1030.0 9.99104715296e-06
1031.0 1.08598338619e-05
1032.0 1.12942272164e-05
1033.0 1.02082438302e-05
1034.0 7.3846870261e-06
1035.0 1.21630139253e-05
1036.0 7.60188370334e-06
1037.0 9.99104715296e-06
1038.0 1.17286205709e-05
1039.0 7.81908038058e-06
1040.0 1.06426371847e-05
1041.0 1.47693740522e-05
1042.0 9.33945712125e-06
1043.0 1.19458172481e-05
1044.0 1.41177840205e-05
1045.0 1.25974072798e-05
1046.0 1.19458172481e-05
1047.0 1.54209640839e-05
1048.0 1.21630139253e-05
1049.0 8.4706704123e-06
1050.0 1.39005873433e-05
1051.0 1.12942272164e-05
1052.0 1.04254405074e-05
1053.0 1.43349806977e-05
1054.0 1.43349806977e-05
1055.0 1.30318006343e-05
1056.0 1.41177840205e-05
1057.0 1.43349806977e-05
1058.0 1.17286205709e-05
1059.0 1.25974072798e-05
1060.0 1.43349806977e-05
1061.0 1.4552177375e-05
1062.0 1.15114238936e-05
1063.0 1.30318006343e-05
1064.0 1.08598338619e-05
1065.0 1.23802106026e-05
1066.0 1.19458172481e-05
1067.0 1.30318006343e-05
1068.0 1.47693740522e-05
1069.0 1.17286205709e-05
1070.0 8.90506376677e-06
1071.0 1.19458172481e-05
1072.0 1.34661939888e-05
1073.0 1.23802106026e-05
1074.0 1.23802106026e-05
1075.0 1.21630139253e-05
1076.0 1.28146039571e-05
1077.0 1.21630139253e-05
1078.0 1.3683390666e-05
1079.0 1.21630139253e-05
1080.0 1.21630139253e-05
1081.0 1.23802106026e-05
1082.0 1.04254405074e-05
1083.0 1.43349806977e-05
1084.0 1.49865707294e-05
1085.0 1.02082438302e-05
1086.0 1.15114238936e-05
1087.0 9.99104715296e-06
1088.0 1.41177840205e-05
1089.0 1.19458172481e-05
1090.0 1.41177840205e-05
1091.0 1.49865707294e-05
1092.0 1.41177840205e-05
1093.0 1.17286205709e-05
1094.0 1.4552177375e-05
1095.0 1.41177840205e-05
1096.0 1.56381607612e-05
1097.0 1.4552177375e-05
1098.0 1.52037674067e-05
1099.0 1.39005873433e-05
1100.0 1.32489973115e-05
1101.0 1.23802106026e-05
1102.0 1.12942272164e-05
1103.0 1.52037674067e-05
1104.0 1.49865707294e-05
1105.0 1.47693740522e-05
1106.0 1.3683390666e-05
1107.0 1.49865707294e-05
1108.0 1.49865707294e-05
1109.0 1.9113307597e-05
1110.0 1.56381607612e-05
1111.0 1.34661939888e-05
1112.0 1.43349806977e-05
1113.0 1.69413408246e-05
1114.0 1.30318006343e-05
1115.0 1.69413408246e-05
1116.0 1.78101275335e-05
1117.0 1.58553574384e-05
1118.0 2.04164876604e-05
1119.0 1.34661939888e-05
1120.0 1.65069474701e-05
1121.0 1.47693740522e-05
1122.0 1.69413408246e-05
1123.0 1.69413408246e-05
1124.0 2.15024710466e-05
1125.0 2.01992909832e-05
1126.0 1.78101275335e-05
1127.0 1.54209640839e-05
1128.0 1.30318006343e-05
1129.0 1.43349806977e-05
1130.0 1.47693740522e-05
1131.0 1.56381607612e-05
1132.0 1.78101275335e-05
1133.0 1.58553574384e-05
1134.0 1.9113307597e-05
1135.0 1.62897507929e-05
1136.0 1.75929308563e-05
1137.0 1.84617175653e-05
1138.0 1.95477009515e-05
1139.0 1.4552177375e-05
1140.0 1.78101275335e-05
1141.0 2.06336843376e-05
1142.0 2.04164876604e-05
1143.0 1.99820943059e-05
1144.0 1.93305042742e-05
1145.0 1.73757341791e-05
1146.0 2.01992909832e-05
1147.0 2.04164876604e-05
1148.0 1.78101275335e-05
1149.0 1.84617175653e-05
1150.0 1.78101275335e-05
1151.0 2.3674437819e-05
1152.0 1.60725541156e-05
1153.0 1.75929308563e-05
1154.0 2.12852743694e-05
1155.0 2.38916344962e-05
1156.0 2.08508810149e-05
1157.0 1.97648976287e-05
1158.0 2.12852743694e-05
1159.0 2.17196677238e-05
1160.0 2.01992909832e-05
1161.0 2.04164876604e-05
1162.0 1.60725541156e-05
1163.0 2.43260278507e-05
1164.0 2.21540610783e-05
1165.0 2.34572411417e-05
1166.0 2.08508810149e-05
1167.0 2.17196677238e-05
1168.0 2.21540610783e-05
1169.0 2.62807979458e-05
1170.0 2.04164876604e-05
1171.0 2.19368644011e-05
1172.0 2.45432245279e-05
1173.0 2.25884544328e-05
1174.0 2.06336843376e-05
1175.0 2.04164876604e-05
1176.0 2.47604212052e-05
1177.0 2.06336843376e-05
1178.0 2.280565111e-05
1179.0 2.38916344962e-05
1180.0 2.19368644011e-05
1181.0 2.41088311735e-05
1182.0 2.43260278507e-05
1183.0 2.34572411417e-05
1184.0 2.34572411417e-05
1185.0 2.280565111e-05
1186.0 2.280565111e-05
1187.0 2.3674437819e-05
1188.0 2.04164876604e-05
1189.0 2.49776178824e-05
1190.0 2.10680776921e-05
1191.0 2.280565111e-05
1192.0 2.47604212052e-05
1193.0 1.88961109197e-05
1194.0 2.17196677238e-05
1195.0 2.58464045914e-05
1196.0 1.65069474701e-05
1197.0 2.10680776921e-05
1198.0 2.10680776921e-05
1199.0 2.280565111e-05
1200.0 2.17196677238e-05
1201.0 2.21540610783e-05
1202.0 2.15024710466e-05
1203.0 1.95477009515e-05
1204.0 1.84617175653e-05
1205.0 2.08508810149e-05
1206.0 2.17196677238e-05
1207.0 1.97648976287e-05
1208.0 1.84617175653e-05
1209.0 2.51948145596e-05
1210.0 2.56292079141e-05
1211.0 1.95477009515e-05
1212.0 2.30228477873e-05
1213.0 1.93305042742e-05
1214.0 1.9113307597e-05
1215.0 1.86789142425e-05
1216.0 1.67241441474e-05
1217.0 2.08508810149e-05
1218.0 1.84617175653e-05
1219.0 1.99820943059e-05
1220.0 1.84617175653e-05
1221.0 2.06336843376e-05
1222.0 1.88961109197e-05
1223.0 1.52037674067e-05
1224.0 1.65069474701e-05
1225.0 1.73757341791e-05
1226.0 2.06336843376e-05
1227.0 1.65069474701e-05
1228.0 2.25884544328e-05
1229.0 1.8244520888e-05
1230.0 1.73757341791e-05
1231.0 1.65069474701e-05
1232.0 1.78101275335e-05
1233.0 1.34661939888e-05
1234.0 1.69413408246e-05
1235.0 1.75929308563e-05
1236.0 1.9113307597e-05
1237.0 1.65069474701e-05
1238.0 1.52037674067e-05
1239.0 1.41177840205e-05
1240.0 1.43349806977e-05
1241.0 1.84617175653e-05
1242.0 1.32489973115e-05
1243.0 1.52037674067e-05
1244.0 1.4552177375e-05
1245.0 1.3683390666e-05
1246.0 1.39005873433e-05
1247.0 1.95477009515e-05
1248.0 1.71585375018e-05
1249.0 1.32489973115e-05
1250.0 1.3683390666e-05
1251.0 1.12942272164e-05
1252.0 1.12942272164e-05
1253.0 1.43349806977e-05
1254.0 1.86789142425e-05
1255.0 1.73757341791e-05
1256.0 1.3683390666e-05
1257.0 1.39005873433e-05
1258.0 1.39005873433e-05
1259.0 1.47693740522e-05
1260.0 1.34661939888e-05
1261.0 1.19458172481e-05
1262.0 1.49865707294e-05
1263.0 1.17286205709e-05
1264.0 1.02082438302e-05
1265.0 1.06426371847e-05
1266.0 1.58553574384e-05
1267.0 1.04254405074e-05
1268.0 1.34661939888e-05
1269.0 1.12942272164e-05
1270.0 1.3683390666e-05
1271.0 1.3683390666e-05
1272.0 9.77385047573e-06
1273.0 1.23802106026e-05
1274.0 1.30318006343e-05
1275.0 1.12942272164e-05
1276.0 9.99104715296e-06
1277.0 1.12942272164e-05
1278.0 1.10770305392e-05
1279.0 1.4552177375e-05
1280.0 9.77385047573e-06
1281.0 1.32489973115e-05
1282.0 1.49865707294e-05
1283.0 1.28146039571e-05
1284.0 9.99104715296e-06
1285.0 1.12942272164e-05
1286.0 9.12226044401e-06
1287.0 1.17286205709e-05
1288.0 9.33945712125e-06
1289.0 1.21630139253e-05
1290.0 9.99104715296e-06
1291.0 1.04254405074e-05
1292.0 9.33945712125e-06
1293.0 9.99104715296e-06
1294.0 9.99104715296e-06
1295.0 1.04254405074e-05
1296.0 8.03627705782e-06
1297.0 9.99104715296e-06
1298.0 1.02082438302e-05
1299.0 9.77385047573e-06
1300.0 8.03627705782e-06
1301.0 9.77385047573e-06
1302.0 7.60188370334e-06
1303.0 1.19458172481e-05
1304.0 1.04254405074e-05
1305.0 7.60188370334e-06
1306.0 1.02082438302e-05
1307.0 9.77385047573e-06
1308.0 8.4706704123e-06
1309.0 9.55665379849e-06
1310.0 9.33945712125e-06
1311.0 8.68786708953e-06
1312.0 8.90506376677e-06
1313.0 9.55665379849e-06
1314.0 9.55665379849e-06
1315.0 8.03627705782e-06
1316.0 9.55665379849e-06
1317.0 1.04254405074e-05
1318.0 1.08598338619e-05
1319.0 8.25347373506e-06
1320.0 8.03627705782e-06
1321.0 7.16749034887e-06
1322.0 9.77385047573e-06
1323.0 8.03627705782e-06
1324.0 8.25347373506e-06
1325.0 6.08150696267e-06
1326.0 7.3846870261e-06
1327.0 7.3846870261e-06
1328.0 6.29870363991e-06
1329.0 6.51590031715e-06
1330.0 6.73309699439e-06
1331.0 9.33945712125e-06
1332.0 9.12226044401e-06
1333.0 5.86431028544e-06
1334.0 5.86431028544e-06
1335.0 5.42991693096e-06
1336.0 5.21272025372e-06
1337.0 7.3846870261e-06
1338.0 8.68786708953e-06
1339.0 6.08150696267e-06
1340.0 8.03627705782e-06
1341.0 6.51590031715e-06
1342.0 6.29870363991e-06
1343.0 5.6471136082e-06
1344.0 9.33945712125e-06
1345.0 5.86431028544e-06
1346.0 9.33945712125e-06
1347.0 5.86431028544e-06
1348.0 5.21272025372e-06
1349.0 8.4706704123e-06
1350.0 5.86431028544e-06
1351.0 4.77832689924e-06
1352.0 5.6471136082e-06
1353.0 4.77832689924e-06
1354.0 5.86431028544e-06
1355.0 4.99552357648e-06
1356.0 5.86431028544e-06
1357.0 6.51590031715e-06
1358.0 5.21272025372e-06
1359.0 7.16749034887e-06
1360.0 8.03627705782e-06
1361.0 7.60188370334e-06
1362.0 5.42991693096e-06
1363.0 5.21272025372e-06
1364.0 5.42991693096e-06
1365.0 4.56113022201e-06
1366.0 5.21272025372e-06
1367.0 5.21272025372e-06
1368.0 6.29870363991e-06
1369.0 5.21272025372e-06
1370.0 7.3846870261e-06
1371.0 5.86431028544e-06
1372.0 4.56113022201e-06
1373.0 5.21272025372e-06
1374.0 6.51590031715e-06
1375.0 5.86431028544e-06
1376.0 3.04075348134e-06
1377.0 5.21272025372e-06
1378.0 4.99552357648e-06
1379.0 7.16749034887e-06
1380.0 5.42991693096e-06
1381.0 3.69234351305e-06
1382.0 5.6471136082e-06
1383.0 3.04075348134e-06
1384.0 4.77832689924e-06
1385.0 5.21272025372e-06
1386.0 5.42991693096e-06
1387.0 5.21272025372e-06
1388.0 5.86431028544e-06
1389.0 5.21272025372e-06
1390.0 2.8235568041e-06
1391.0 3.90954019029e-06
1392.0 5.21272025372e-06
1393.0 3.04075348134e-06
1394.0 2.8235568041e-06
1395.0 3.04075348134e-06
1396.0 6.95029367163e-06
1397.0 4.12673686753e-06
1398.0 4.34393354477e-06
1399.0 4.56113022201e-06
1400.0 6.08150696267e-06
1401.0 1.52037674067e-06
1402.0 7.3846870261e-06
1403.0 6.73309699439e-06
1404.0 5.6471136082e-06
1405.0 2.8235568041e-06
1406.0 6.08150696267e-06
1407.0 4.77832689924e-06
1408.0 3.69234351305e-06
1409.0 3.90954019029e-06
1410.0 3.47514683581e-06
1411.0 4.12673686753e-06
1412.0 3.90954019029e-06
1413.0 3.25795015858e-06
1414.0 5.6471136082e-06
1415.0 3.25795015858e-06
1416.0 4.12673686753e-06
1417.0 3.04075348134e-06
1418.0 2.17196677238e-06
1419.0 3.69234351305e-06
1420.0 4.12673686753e-06
1421.0 5.21272025372e-06
1422.0 3.69234351305e-06
1423.0 2.60636012686e-06
1424.0 3.69234351305e-06
1425.0 3.69234351305e-06
1426.0 3.25795015858e-06
1427.0 3.69234351305e-06
1428.0 3.69234351305e-06
1429.0 3.90954019029e-06
1430.0 4.34393354477e-06
1431.0 3.90954019029e-06
1432.0 4.77832689924e-06
1433.0 2.8235568041e-06
1434.0 4.99552357648e-06
1435.0 4.99552357648e-06
1436.0 1.95477009515e-06
1437.0 2.38916344962e-06
1438.0 3.04075348134e-06
1439.0 2.60636012686e-06
1440.0 4.34393354477e-06
1441.0 3.04075348134e-06
1442.0 3.04075348134e-06
1443.0 1.73757341791e-06
1444.0 2.38916344962e-06
1445.0 3.25795015858e-06
1446.0 3.25795015858e-06
1447.0 1.73757341791e-06
1448.0 4.34393354477e-06
1449.0 4.34393354477e-06
1450.0 4.12673686753e-06
1451.0 3.69234351305e-06
1452.0 2.38916344962e-06
1453.0 3.69234351305e-06
1454.0 2.17196677238e-06
1455.0 3.47514683581e-06
1456.0 2.60636012686e-06
1457.0 2.60636012686e-06
1458.0 3.25795015858e-06
1459.0 2.38916344962e-06
1460.0 2.38916344962e-06
1461.0 2.60636012686e-06
1462.0 4.34393354477e-06
1463.0 2.60636012686e-06
1464.0 4.12673686753e-06
1465.0 2.8235568041e-06
1466.0 3.25795015858e-06
1467.0 2.60636012686e-06
1468.0 3.04075348134e-06
1469.0 4.34393354477e-06
1470.0 3.25795015858e-06
1471.0 2.8235568041e-06
1472.0 1.95477009515e-06
1473.0 3.04075348134e-06
1474.0 2.38916344962e-06
1475.0 2.38916344962e-06
1476.0 8.68786708953e-07
1477.0 2.60636012686e-06
1478.0 3.69234351305e-06
1479.0 3.25795015858e-06
1480.0 3.69234351305e-06
1481.0 3.69234351305e-06
1482.0 1.95477009515e-06
1483.0 1.73757341791e-06
1484.0 2.17196677238e-06
1485.0 3.04075348134e-06
1486.0 2.17196677238e-06
1487.0 2.8235568041e-06
1488.0 2.38916344962e-06
1489.0 2.17196677238e-06
1490.0 3.69234351305e-06
1491.0 2.38916344962e-06
1492.0 1.73757341791e-06
1493.0 3.47514683581e-06
1494.0 2.17196677238e-06
1495.0 3.90954019029e-06
1496.0 1.52037674067e-06
1497.0 1.95477009515e-06
1498.0 1.95477009515e-06
1499.0 2.60636012686e-06
1500.0 1.73757341791e-06
1501.0 2.8235568041e-06
1502.0 2.60636012686e-06
1503.0 1.95477009515e-06
1504.0 3.25795015858e-06
1505.0 2.17196677238e-06
1506.0 1.08598338619e-06
1507.0 2.17196677238e-06
1508.0 3.04075348134e-06
1509.0 2.17196677238e-06
1510.0 3.25795015858e-06
1511.0 2.38916344962e-06
1512.0 3.90954019029e-06
1513.0 3.25795015858e-06
1514.0 2.60636012686e-06
1515.0 2.38916344962e-06
1516.0 2.60636012686e-06
1517.0 1.95477009515e-06
1518.0 6.51590031715e-07
1519.0 2.17196677238e-06
1520.0 2.38916344962e-06
1521.0 2.38916344962e-06
1522.0 2.17196677238e-06
1523.0 4.34393354477e-06
1524.0 2.38916344962e-06
1525.0 8.68786708953e-07
1526.0 3.04075348134e-06
1527.0 2.60636012686e-06
1528.0 1.73757341791e-06
1529.0 1.73757341791e-06
1530.0 2.8235568041e-06
1531.0 2.8235568041e-06
1532.0 2.38916344962e-06
1533.0 3.04075348134e-06
1534.0 2.17196677238e-06
1535.0 8.68786708953e-07
1536.0 1.73757341791e-06
1537.0 2.38916344962e-06
1538.0 2.60636012686e-06
1539.0 1.52037674067e-06
1540.0 1.95477009515e-06
1541.0 1.73757341791e-06
1542.0 2.38916344962e-06
1543.0 2.38916344962e-06
1544.0 1.95477009515e-06
1545.0 2.17196677238e-06
1546.0 1.52037674067e-06
1547.0 1.52037674067e-06
1548.0 2.8235568041e-06
1549.0 6.51590031715e-07
1550.0 1.30318006343e-06
1551.0 1.52037674067e-06
1552.0 2.60636012686e-06
1553.0 2.60636012686e-06
1554.0 2.17196677238e-06
1555.0 2.8235568041e-06
1556.0 1.52037674067e-06
1557.0 1.73757341791e-06
1558.0 1.52037674067e-06
1559.0 1.08598338619e-06
1560.0 1.52037674067e-06
1561.0 3.25795015858e-06
1562.0 1.08598338619e-06
1563.0 1.95477009515e-06
1564.0 1.08598338619e-06
1565.0 1.30318006343e-06
1566.0 2.17196677238e-06
1567.0 3.25795015858e-06
1568.0 1.52037674067e-06
1569.0 1.95477009515e-06
1570.0 1.52037674067e-06
1571.0 2.8235568041e-06
1572.0 2.38916344962e-06
1573.0 1.73757341791e-06
1574.0 3.04075348134e-06
1575.0 1.73757341791e-06
1576.0 1.95477009515e-06
1577.0 2.38916344962e-06
1578.0 1.73757341791e-06
1579.0 1.08598338619e-06
1580.0 1.52037674067e-06
1581.0 2.38916344962e-06
1582.0 2.38916344962e-06
1583.0 1.30318006343e-06
1584.0 2.60636012686e-06
1585.0 3.04075348134e-06
1586.0 1.95477009515e-06
1587.0 1.73757341791e-06
1588.0 1.95477009515e-06
1589.0 2.60636012686e-06
1590.0 2.38916344962e-06
1591.0 2.38916344962e-06
1592.0 2.60636012686e-06
1593.0 2.8235568041e-06
1594.0 1.73757341791e-06
1595.0 1.52037674067e-06
1596.0 2.38916344962e-06
1597.0 2.17196677238e-06
1598.0 1.73757341791e-06
1599.0 2.17196677238e-06
1600.0 1.73757341791e-06
1601.0 2.17196677238e-06
1602.0 2.60636012686e-06
1603.0 1.52037674067e-06
1604.0 1.08598338619e-06
1605.0 3.04075348134e-06
1606.0 3.04075348134e-06
1607.0 1.08598338619e-06
1608.0 1.52037674067e-06
1609.0 2.8235568041e-06
1610.0 2.60636012686e-06
1611.0 1.95477009515e-06
1612.0 3.25795015858e-06
1613.0 1.52037674067e-06
1614.0 2.60636012686e-06
1615.0 1.08598338619e-06
1616.0 1.73757341791e-06
1617.0 2.38916344962e-06
1618.0 2.8235568041e-06
1619.0 2.60636012686e-06
1620.0 1.95477009515e-06
1621.0 1.95477009515e-06
1622.0 2.8235568041e-06
1623.0 3.25795015858e-06
1624.0 1.52037674067e-06
1625.0 2.38916344962e-06
1626.0 2.17196677238e-06
1627.0 3.90954019029e-06
1628.0 2.8235568041e-06
1629.0 2.8235568041e-06
1630.0 3.90954019029e-06
1631.0 3.90954019029e-06
1632.0 1.95477009515e-06
1633.0 2.38916344962e-06
1634.0 2.60636012686e-06
1635.0 2.60636012686e-06
1636.0 3.04075348134e-06
1637.0 3.04075348134e-06
1638.0 2.38916344962e-06
1639.0 4.77832689924e-06
1640.0 3.90954019029e-06
1641.0 3.04075348134e-06
1642.0 4.56113022201e-06
1643.0 4.99552357648e-06
1644.0 3.25795015858e-06
1645.0 2.60636012686e-06
1646.0 3.69234351305e-06
1647.0 3.69234351305e-06
1648.0 2.8235568041e-06
1649.0 4.56113022201e-06
1650.0 3.04075348134e-06
1651.0 4.34393354477e-06
1652.0 3.90954019029e-06
1653.0 4.56113022201e-06
1654.0 3.90954019029e-06
1655.0 3.69234351305e-06
1656.0 3.69234351305e-06
1657.0 3.69234351305e-06
1658.0 4.12673686753e-06
1659.0 3.47514683581e-06
1660.0 2.60636012686e-06
1661.0 3.90954019029e-06
1662.0 4.34393354477e-06
1663.0 4.12673686753e-06
1664.0 4.99552357648e-06
1665.0 3.25795015858e-06
1666.0 3.47514683581e-06
1667.0 4.56113022201e-06
1668.0 4.77832689924e-06
1669.0 6.29870363991e-06
1670.0 4.56113022201e-06
1671.0 5.42991693096e-06
1672.0 5.21272025372e-06
1673.0 4.99552357648e-06
1674.0 3.69234351305e-06
1675.0 3.90954019029e-06
1676.0 3.04075348134e-06
1677.0 4.99552357648e-06
1678.0 5.6471136082e-06
1679.0 4.77832689924e-06
1680.0 6.73309699439e-06
1681.0 4.56113022201e-06
1682.0 4.34393354477e-06
1683.0 5.86431028544e-06
1684.0 5.6471136082e-06
1685.0 6.29870363991e-06
1686.0 4.77832689924e-06
1687.0 5.42991693096e-06
1688.0 3.90954019029e-06
1689.0 7.3846870261e-06
1690.0 7.16749034887e-06
1691.0 6.73309699439e-06
1692.0 4.99552357648e-06
1693.0 6.73309699439e-06
1694.0 4.34393354477e-06
1695.0 4.56113022201e-06
1696.0 5.86431028544e-06
1697.0 5.42991693096e-06
1698.0 6.95029367163e-06
1699.0 3.69234351305e-06
1700.0 7.81908038058e-06
1701.0 7.60188370334e-06
1702.0 7.3846870261e-06
1703.0 6.73309699439e-06
1704.0 6.08150696267e-06
1705.0 6.08150696267e-06
1706.0 6.95029367163e-06
1707.0 3.90954019029e-06
1708.0 7.16749034887e-06
1709.0 6.51590031715e-06
1710.0 8.03627705782e-06
1711.0 8.90506376677e-06
1712.0 8.03627705782e-06
1713.0 7.81908038058e-06
1714.0 1.08598338619e-05
1715.0 8.4706704123e-06
1716.0 8.90506376677e-06
1717.0 5.6471136082e-06
1718.0 9.99104715296e-06
1719.0 8.4706704123e-06
1720.0 9.33945712125e-06
1721.0 1.12942272164e-05
1722.0 8.90506376677e-06
1723.0 8.03627705782e-06
1724.0 1.17286205709e-05
1725.0 9.77385047573e-06
1726.0 1.4552177375e-05
1727.0 1.80273242108e-05
1728.0 1.39005873433e-05
1729.0 1.30318006343e-05
1730.0 1.3683390666e-05
1731.0 7.3846870261e-06
1732.0 9.55665379849e-06
1733.0 7.81908038058e-06
1734.0 6.95029367163e-06
1735.0 8.03627705782e-06
1736.0 1.02082438302e-05
1737.0 5.86431028544e-06
1738.0 7.16749034887e-06
1739.0 7.60188370334e-06
1740.0 9.55665379849e-06
1741.0 7.81908038058e-06
1742.0 5.21272025372e-06
1743.0 7.16749034887e-06
1744.0 6.73309699439e-06
1745.0 7.60188370334e-06
1746.0 5.6471136082e-06
1747.0 6.08150696267e-06
1748.0 6.51590031715e-06
1749.0 5.42991693096e-06
1750.0 6.08150696267e-06
1751.0 4.56113022201e-06
1752.0 8.25347373506e-06
1753.0 8.25347373506e-06
1754.0 5.42991693096e-06
1755.0 6.73309699439e-06
1756.0 3.90954019029e-06
1757.0 4.34393354477e-06
1758.0 8.03627705782e-06
1759.0 5.42991693096e-06
1760.0 5.86431028544e-06
1761.0 4.77832689924e-06
1762.0 8.03627705782e-06
1763.0 3.47514683581e-06
1764.0 5.42991693096e-06
1765.0 4.99552357648e-06
1766.0 6.08150696267e-06
1767.0 3.25795015858e-06
1768.0 7.3846870261e-06
1769.0 5.42991693096e-06
1770.0 4.34393354477e-06
1771.0 4.34393354477e-06
1772.0 5.86431028544e-06
1773.0 2.8235568041e-06
1774.0 4.56113022201e-06
1775.0 3.69234351305e-06
1776.0 4.77832689924e-06
1777.0 4.56113022201e-06
1778.0 4.99552357648e-06
1779.0 3.69234351305e-06
1780.0 4.77832689924e-06
1781.0 3.47514683581e-06
1782.0 4.12673686753e-06
1783.0 4.12673686753e-06
1784.0 4.77832689924e-06
1785.0 2.38916344962e-06
1786.0 2.38916344962e-06
1787.0 4.12673686753e-06
1788.0 3.47514683581e-06
1789.0 2.8235568041e-06
1790.0 6.29870363991e-06
1791.0 2.38916344962e-06
1792.0 2.60636012686e-06
1793.0 4.56113022201e-06
1794.0 4.34393354477e-06
1795.0 2.38916344962e-06
1796.0 2.38916344962e-06
1797.0 3.90954019029e-06
1798.0 2.8235568041e-06
1799.0 3.69234351305e-06
1800.0 1.73757341791e-06
1801.0 3.90954019029e-06
1802.0 2.60636012686e-06
1803.0 1.95477009515e-06
1804.0 3.04075348134e-06
1805.0 2.38916344962e-06
1806.0 2.17196677238e-06
1807.0 2.8235568041e-06
1808.0 3.69234351305e-06
1809.0 2.17196677238e-06
1810.0 2.38916344962e-06
1811.0 1.73757341791e-06
1812.0 3.04075348134e-06
1813.0 3.90954019029e-06
1814.0 1.73757341791e-06
1815.0 1.95477009515e-06
1816.0 2.60636012686e-06
1817.0 2.60636012686e-06
1818.0 3.04075348134e-06
1819.0 3.25795015858e-06
1820.0 2.60636012686e-06
1821.0 2.60636012686e-06
1822.0 2.60636012686e-06
1823.0 2.17196677238e-06
1824.0 3.04075348134e-06
1825.0 1.73757341791e-06
1826.0 2.60636012686e-06
1827.0 1.95477009515e-06
1828.0 3.47514683581e-06
1829.0 1.52037674067e-06
1830.0 1.30318006343e-06
1831.0 1.30318006343e-06
1832.0 1.52037674067e-06
1833.0 1.73757341791e-06
1834.0 2.8235568041e-06
1835.0 1.73757341791e-06
1836.0 8.68786708953e-07
1837.0 1.73757341791e-06
1838.0 1.52037674067e-06
1839.0 1.30318006343e-06
1840.0 2.38916344962e-06
1841.0 1.08598338619e-06
1842.0 1.30318006343e-06
1843.0 1.73757341791e-06
1844.0 6.51590031715e-07
1845.0 8.68786708953e-07
1846.0 1.30318006343e-06
1847.0 2.38916344962e-06
1848.0 2.38916344962e-06
1849.0 1.30318006343e-06
1850.0 1.73757341791e-06
1851.0 6.51590031715e-07
1852.0 1.52037674067e-06
1853.0 1.73757341791e-06
1854.0 4.34393354477e-07
1855.0 1.73757341791e-06
1856.0 2.17196677238e-06
1857.0 2.17196677238e-06
1858.0 2.38916344962e-06
1859.0 1.08598338619e-06
1860.0 6.51590031715e-07
1861.0 1.73757341791e-06
1862.0 1.73757341791e-06
1863.0 1.95477009515e-06
1864.0 2.38916344962e-06
1865.0 4.34393354477e-07
1866.0 8.68786708953e-07
1867.0 2.38916344962e-06
1868.0 1.95477009515e-06
1869.0 6.51590031715e-07
1870.0 1.08598338619e-06
1871.0 2.17196677238e-06
1872.0 1.30318006343e-06
1873.0 1.73757341791e-06
1874.0 1.52037674067e-06
1875.0 2.17196677238e-06
1876.0 2.8235568041e-06
1877.0 1.73757341791e-06
1878.0 1.95477009515e-06
1879.0 3.04075348134e-06
1880.0 3.47514683581e-06
1881.0 1.95477009515e-06
1882.0 1.95477009515e-06
1883.0 2.38916344962e-06
1884.0 2.8235568041e-06
1885.0 2.38916344962e-06
1886.0 1.95477009515e-06
1887.0 1.95477009515e-06
1888.0 1.95477009515e-06
1889.0 2.17196677238e-06
1890.0 1.52037674067e-06
1891.0 2.17196677238e-06
1892.0 1.52037674067e-06
1893.0 2.60636012686e-06
1894.0 1.95477009515e-06
1895.0 2.17196677238e-06
1896.0 3.47514683581e-06
1897.0 2.38916344962e-06
1898.0 2.38916344962e-06
1899.0 2.60636012686e-06
1900.0 2.38916344962e-06
1901.0 2.17196677238e-06
1902.0 3.04075348134e-06
1903.0 3.04075348134e-06
1904.0 3.47514683581e-06
1905.0 2.8235568041e-06
1906.0 4.56113022201e-06
1907.0 2.60636012686e-06
1908.0 2.8235568041e-06
1909.0 4.77832689924e-06
1910.0 4.56113022201e-06
1911.0 2.8235568041e-06
1912.0 3.69234351305e-06
1913.0 3.25795015858e-06
1914.0 2.38916344962e-06
1915.0 1.30318006343e-06
1916.0 2.38916344962e-06
1917.0 2.60636012686e-06
1918.0 2.8235568041e-06
1919.0 3.47514683581e-06
1920.0 3.69234351305e-06
1921.0 1.73757341791e-06
1922.0 1.95477009515e-06
1923.0 3.04075348134e-06
1924.0 3.69234351305e-06
1925.0 2.8235568041e-06
1926.0 1.30318006343e-06
1927.0 1.95477009515e-06
1928.0 1.95477009515e-06
1929.0 2.17196677238e-06
1930.0 2.60636012686e-06
1931.0 3.04075348134e-06
1932.0 1.30318006343e-06
1933.0 1.95477009515e-06
1934.0 1.95477009515e-06
1935.0 2.17196677238e-06
1936.0 1.95477009515e-06
1937.0 2.8235568041e-06
1938.0 6.51590031715e-07
1939.0 1.52037674067e-06
1940.0 2.8235568041e-06
1941.0 1.52037674067e-06
1942.0 2.38916344962e-06
1943.0 1.73757341791e-06
1944.0 6.51590031715e-07
1945.0 1.30318006343e-06
1946.0 2.17196677238e-06
1947.0 8.68786708953e-07
1948.0 1.30318006343e-06
1949.0 1.30318006343e-06
1950.0 1.95477009515e-06
1951.0 4.34393354477e-07
1952.0 1.08598338619e-06
1953.0 1.08598338619e-06
1954.0 6.51590031715e-07
1955.0 1.30318006343e-06
1956.0 2.17196677238e-07
1957.0 8.68786708953e-07
1958.0 4.34393354477e-07
1959.0 6.51590031715e-07
1961.0 6.51590031715e-07
1962.0 8.68786708953e-07
1963.0 2.17196677238e-07
1964.0 6.51590031715e-07
1965.0 2.17196677238e-07
1966.0 4.34393354477e-07
1967.0 2.17196677238e-07
1968.0 6.51590031715e-07
1970.0 8.68786708953e-07
1971.0 6.51590031715e-07
1972.0 4.34393354477e-07
1973.0 6.51590031715e-07
1974.0 1.30318006343e-06
1975.0 1.30318006343e-06
1976.0 8.68786708953e-07
1977.0 2.17196677238e-07
1978.0 1.08598338619e-06
1979.0 8.68786708953e-07
1980.0 2.17196677238e-07
1981.0 8.68786708953e-07
1982.0 4.34393354477e-07
1983.0 2.17196677238e-07
1984.0 1.08598338619e-06
1986.0 2.17196677238e-07
1987.0 2.17196677238e-07
1988.0 4.34393354477e-07
1989.0 1.08598338619e-06
1990.0 4.34393354477e-07
1991.0 2.17196677238e-07
1992.0 4.34393354477e-07
1993.0 6.51590031715e-07
1994.0 1.08598338619e-06
1995.0 2.17196677238e-07
1996.0 4.34393354477e-07
1997.0 4.34393354477e-07
1998.0 6.51590031715e-07
1999.0 4.34393354477e-07
2000.0 2.17196677238e-07
2001.0 2.17196677238e-07
2002.0 4.34393354477e-07
2003.0 2.17196677238e-07
2004.0 2.17196677238e-07
2005.0 6.51590031715e-07
2006.0 2.17196677238e-07
2007.0 8.68786708953e-07
2010.0 6.51590031715e-07
2011.0 4.34393354477e-07
2013.0 2.17196677238e-07
2016.0 6.51590031715e-07
2017.0 4.34393354477e-07
2018.0 2.17196677238e-07
2019.0 2.17196677238e-07
2022.0 2.17196677238e-07
2023.0 2.17196677238e-07
2027.0 4.34393354477e-07
2028.0 2.17196677238e-07
2030.0 4.34393354477e-07
2031.0 4.34393354477e-07
2032.0 2.17196677238e-07
2033.0 2.17196677238e-07
2034.0 4.34393354477e-07
2035.0 2.17196677238e-07
2037.0 2.17196677238e-07
2038.0 2.17196677238e-07
2039.0 6.51590031715e-07
2040.0 2.17196677238e-07
2041.0 2.17196677238e-07
2042.0 2.17196677238e-07
2044.0 2.17196677238e-07
2046.0 4.34393354477e-07
2047.0 2.17196677238e-07
2048.0 2.17196677238e-07
2049.0 2.17196677238e-07
2050.0 4.34393354477e-07
2052.0 4.34393354477e-07
2055.0 4.34393354477e-07
2056.0 4.34393354477e-07
2057.0 2.17196677238e-07
2059.0 4.34393354477e-07
2061.0 4.34393354477e-07
2062.0 4.34393354477e-07
2065.0 4.34393354477e-07
2071.0 6.51590031715e-07
2072.0 2.17196677238e-07
2073.0 4.34393354477e-07
2075.0 2.17196677238e-07
2076.0 2.17196677238e-07
2078.0 2.17196677238e-07
2079.0 2.17196677238e-07
2082.0 2.17196677238e-07
2083.0 6.51590031715e-07
2084.0 6.51590031715e-07
2085.0 4.34393354477e-07
2089.0 2.17196677238e-07
2092.0 2.17196677238e-07
2093.0 2.17196677238e-07
2095.0 4.34393354477e-07
2099.0 3.04075348134e-06
2100.0 3.69234351305e-06
2101.0 1.95477009515e-06
2103.0 2.17196677238e-07
2104.0 2.17196677238e-07
2105.0 2.17196677238e-07
2107.0 2.17196677238e-07
2112.0 2.17196677238e-07
2114.0 2.17196677238e-07
2115.0 6.51590031715e-07
2116.0 2.17196677238e-07
2117.0 2.17196677238e-07
2127.0 2.17196677238e-07
2128.0 2.17196677238e-07
2131.0 2.17196677238e-07
2132.0 2.17196677238e-07
2135.0 2.17196677238e-07
2136.0 4.34393354477e-07
2137.0 2.17196677238e-07
2138.0 4.34393354477e-07
2139.0 4.34393354477e-07
2141.0 2.17196677238e-07
2143.0 2.17196677238e-07
2144.0 6.51590031715e-07
2148.0 2.17196677238e-07
2152.0 2.17196677238e-07
2157.0 6.51590031715e-07
2160.0 2.17196677238e-07
2161.0 2.17196677238e-07
2164.0 6.51590031715e-07
2169.0 2.17196677238e-07
2170.0 6.51590031715e-07
2178.0 2.17196677238e-07
2180.0 4.34393354477e-07
2184.0 2.17196677238e-07
2190.0 2.17196677238e-07
2192.0 2.17196677238e-07
2201.0 4.34393354477e-07
2204.0 2.17196677238e-07
2214.0 2.17196677238e-07
2217.0 2.17196677238e-07
2220.0 2.17196677238e-07
2222.0 2.17196677238e-07
2226.0 2.17196677238e-07
2232.0 2.17196677238e-07
2234.0 2.17196677238e-07
2236.0 2.17196677238e-07
2238.0 2.17196677238e-07
2239.0 2.17196677238e-07
2240.0 4.34393354477e-07
2245.0 2.17196677238e-07
2248.0 2.17196677238e-07
2259.0 2.17196677238e-07
2261.0 2.17196677238e-07
2263.0 2.17196677238e-07
2264.0 2.17196677238e-07
2268.0 2.17196677238e-07
2270.0 2.17196677238e-07
2275.0 2.17196677238e-07
2277.0 4.34393354477e-07
2280.0 2.17196677238e-07
2287.0 2.17196677238e-07
2299.0 2.17196677238e-07
2300.0 2.17196677238e-07
2302.0 2.17196677238e-07
2306.0 2.17196677238e-07
2307.0 2.17196677238e-07
2308.0 4.34393354477e-07
2309.0 2.17196677238e-07
2311.0 2.17196677238e-07
2320.0 4.34393354477e-07
2322.0 2.17196677238e-07
2324.0 4.34393354477e-07
2325.0 2.17196677238e-07
2326.0 2.17196677238e-07
2327.0 2.17196677238e-07
2330.0 2.17196677238e-07
2337.0 2.17196677238e-07
2339.0 4.34393354477e-07
2347.0 2.17196677238e-07
2349.0 2.17196677238e-07
2351.0 4.34393354477e-07
2356.0 2.17196677238e-07
2357.0 2.17196677238e-07
2358.0 2.17196677238e-07
2359.0 4.34393354477e-07
2360.0 2.17196677238e-07
2370.0 2.17196677238e-07
2373.0 2.17196677238e-07
2382.0 4.34393354477e-07
2385.0 4.34393354477e-07
2386.0 6.51590031715e-07
2389.0 2.17196677238e-07
2396.0 2.17196677238e-07
2399.0 2.17196677238e-07
2403.0 2.17196677238e-07
2417.0 2.17196677238e-07
2419.0 2.17196677238e-07
2422.0 2.17196677238e-07
2425.0 2.17196677238e-07
2426.0 2.17196677238e-07
2427.0 2.17196677238e-07
2443.0 2.17196677238e-07
2448.0 2.17196677238e-07
2450.0 2.17196677238e-07
2451.0 6.51590031715e-07
2457.0 4.34393354477e-07
2459.0 2.17196677238e-07
2460.0 4.34393354477e-07
2463.0 2.17196677238e-07
2465.0 2.17196677238e-07
2466.0 2.17196677238e-07
2467.0 2.17196677238e-07
2470.0 2.17196677238e-07
2473.0 4.34393354477e-07
2475.0 2.17196677238e-07
2477.0 2.17196677238e-07
2478.0 2.17196677238e-07
2482.0 2.17196677238e-07
2483.0 2.17196677238e-07
2488.0 2.17196677238e-07
2489.0 2.17196677238e-07
2493.0 4.34393354477e-07
2494.0 2.17196677238e-07
2496.0 2.17196677238e-07
2497.0 2.17196677238e-07
2500.0 2.17196677238e-07
2503.0 2.17196677238e-07
2505.0 2.17196677238e-07
2513.0 2.17196677238e-07
2518.0 2.17196677238e-07
2520.0 2.17196677238e-07
2522.0 2.17196677238e-07
2525.0 2.17196677238e-07
2527.0 2.17196677238e-07
2529.0 4.34393354477e-07
2534.0 8.68786708953e-07
2536.0 2.17196677238e-07
2540.0 2.17196677238e-07
2541.0 2.17196677238e-07
2543.0 2.17196677238e-07
2544.0 2.17196677238e-07
2546.0 2.17196677238e-07
2547.0 2.17196677238e-07
2550.0 2.17196677238e-07
2551.0 2.17196677238e-07
2557.0 6.51590031715e-07
2561.0 4.34393354477e-07
2563.0 2.17196677238e-07
2565.0 4.34393354477e-07
2566.0 2.17196677238e-07
2567.0 6.51590031715e-07
2570.0 6.51590031715e-07
2571.0 2.17196677238e-07
2574.0 2.17196677238e-07
2576.0 4.34393354477e-07
2578.0 2.17196677238e-07
2579.0 4.34393354477e-07
2580.0 2.17196677238e-07
2581.0 4.34393354477e-07
2582.0 6.51590031715e-07
2583.0 2.17196677238e-07
2585.0 2.17196677238e-07
2587.0 6.51590031715e-07
2588.0 4.34393354477e-07
2589.0 2.17196677238e-07
2590.0 2.17196677238e-07
2592.0 2.17196677238e-07
2593.0 2.17196677238e-07
2595.0 4.34393354477e-07
2596.0 2.17196677238e-07
2598.0 1.30318006343e-06
2599.0 2.17196677238e-07
2601.0 2.17196677238e-07
2602.0 2.17196677238e-07
2603.0 6.51590031715e-07
2604.0 6.51590031715e-07
2605.0 2.17196677238e-07
2606.0 2.17196677238e-07
2607.0 2.17196677238e-07
2608.0 1.08598338619e-06
2609.0 6.51590031715e-07
2610.0 2.17196677238e-07
2611.0 2.17196677238e-07
2612.0 2.17196677238e-07
2613.0 6.51590031715e-07
2614.0 4.34393354477e-07
2616.0 4.34393354477e-07
2617.0 6.51590031715e-07
2618.0 2.17196677238e-07
2619.0 4.34393354477e-07
2622.0 4.34393354477e-07
2623.0 4.34393354477e-07
2624.0 4.34393354477e-07
2625.0 2.17196677238e-07
2626.0 8.68786708953e-07
2627.0 6.51590031715e-07
2628.0 2.17196677238e-07
2630.0 1.08598338619e-06
2632.0 2.17196677238e-07
2633.0 6.51590031715e-07
2634.0 8.68786708953e-07
2635.0 8.68786708953e-07
2636.0 1.52037674067e-06
2638.0 8.68786708953e-07
2639.0 2.17196677238e-07
2640.0 6.51590031715e-07
2642.0 8.68786708953e-07
2643.0 4.34393354477e-07
2644.0 8.68786708953e-07
2645.0 1.30318006343e-06
2646.0 2.17196677238e-07
2647.0 6.51590031715e-07
2648.0 8.68786708953e-07
2650.0 6.51590031715e-07
2651.0 1.08598338619e-06
2652.0 6.51590031715e-07
2653.0 8.68786708953e-07
2654.0 8.68786708953e-07
2655.0 2.17196677238e-07
2657.0 2.17196677238e-07
2658.0 4.34393354477e-07
2659.0 4.34393354477e-07
2660.0 4.34393354477e-07
2661.0 1.08598338619e-06
2662.0 6.51590031715e-07
2663.0 6.51590031715e-07
2664.0 8.68786708953e-07
2665.0 4.34393354477e-07
2666.0 4.34393354477e-07
2667.0 4.34393354477e-07
2668.0 1.08598338619e-06
2669.0 2.17196677238e-07
2670.0 6.51590031715e-07
2671.0 8.68786708953e-07
2672.0 6.51590031715e-07
2673.0 1.30318006343e-06
2674.0 2.17196677238e-07
2675.0 4.34393354477e-07
2676.0 1.52037674067e-06
2677.0 4.34393354477e-07
2678.0 1.08598338619e-06
2679.0 8.68786708953e-07
2680.0 4.34393354477e-07
2681.0 1.08598338619e-06
2682.0 8.68786708953e-07
2683.0 1.08598338619e-06
2684.0 8.68786708953e-07
2685.0 4.34393354477e-07
2686.0 1.52037674067e-06
2687.0 6.51590031715e-07
2688.0 8.68786708953e-07
2689.0 8.68786708953e-07
2690.0 8.68786708953e-07
2691.0 1.30318006343e-06
2692.0 1.52037674067e-06
2693.0 4.34393354477e-07
2694.0 1.08598338619e-06
2695.0 8.68786708953e-07
2696.0 2.17196677238e-07
2697.0 8.68786708953e-07
2698.0 1.95477009515e-06
2699.0 1.73757341791e-06
2700.0 2.60636012686e-06
2701.0 6.51590031715e-07
2702.0 1.30318006343e-06
2703.0 6.51590031715e-07
2704.0 4.34393354477e-07
2705.0 8.68786708953e-07
2706.0 1.73757341791e-06
2707.0 1.08598338619e-06
2708.0 1.95477009515e-06
2709.0 1.08598338619e-06
2710.0 4.34393354477e-07
2711.0 2.38916344962e-06
2712.0 1.08598338619e-06
2713.0 8.68786708953e-07
2714.0 1.30318006343e-06
2715.0 1.30318006343e-06
2716.0 6.51590031715e-07
2717.0 2.17196677238e-06
2718.0 1.30318006343e-06
2719.0 1.08598338619e-06
2720.0 6.51590031715e-07
2721.0 1.08598338619e-06
2722.0 1.52037674067e-06
2723.0 1.08598338619e-06
2724.0 1.30318006343e-06
2725.0 1.73757341791e-06
2726.0 1.52037674067e-06
2727.0 1.73757341791e-06
2728.0 1.30318006343e-06
2729.0 1.52037674067e-06
2730.0 1.95477009515e-06
2731.0 6.51590031715e-07
2732.0 1.30318006343e-06
2733.0 1.52037674067e-06
2734.0 1.08598338619e-06
2735.0 2.8235568041e-06
2736.0 2.60636012686e-06
2737.0 1.52037674067e-06
2738.0 2.60636012686e-06
2739.0 2.38916344962e-06
2740.0 1.52037674067e-06
2741.0 1.95477009515e-06
2742.0 1.52037674067e-06
2743.0 1.52037674067e-06
2744.0 8.68786708953e-07
2745.0 1.95477009515e-06
2746.0 1.30318006343e-06
2747.0 2.60636012686e-06
2748.0 2.8235568041e-06
2749.0 2.17196677238e-06
2750.0 2.60636012686e-06
2751.0 2.17196677238e-06
2752.0 2.38916344962e-06
2753.0 2.38916344962e-06
2754.0 2.8235568041e-06
2755.0 4.34393354477e-07
2756.0 2.17196677238e-06
2757.0 1.95477009515e-06
2758.0 3.25795015858e-06
2759.0 2.38916344962e-06
2760.0 3.25795015858e-06
2761.0 3.25795015858e-06
2762.0 3.04075348134e-06
2763.0 1.95477009515e-06
2764.0 8.68786708953e-07
2765.0 2.8235568041e-06
2766.0 2.38916344962e-06
2767.0 3.04075348134e-06
2768.0 1.95477009515e-06
2769.0 2.60636012686e-06
2770.0 1.95477009515e-06
2771.0 4.12673686753e-06
2772.0 3.04075348134e-06
2773.0 3.69234351305e-06
2774.0 3.69234351305e-06
2775.0 3.25795015858e-06
2776.0 2.17196677238e-06
2777.0 2.60636012686e-06
2778.0 1.52037674067e-06
2779.0 3.47514683581e-06
2780.0 3.47514683581e-06
2781.0 2.17196677238e-06
2782.0 2.60636012686e-06
2783.0 3.47514683581e-06
2784.0 2.60636012686e-06
2785.0 3.47514683581e-06
2786.0 2.60636012686e-06
2787.0 4.56113022201e-06
2788.0 4.12673686753e-06
2789.0 3.69234351305e-06
2790.0 4.12673686753e-06
2791.0 4.56113022201e-06
2792.0 3.69234351305e-06
2793.0 6.08150696267e-06
2794.0 3.69234351305e-06
2795.0 6.29870363991e-06
2796.0 6.95029367163e-06
2797.0 6.51590031715e-06
2798.0 4.77832689924e-06
2799.0 2.38916344962e-06
2800.0 4.99552357648e-06
2801.0 3.90954019029e-06
2802.0 6.51590031715e-06
2803.0 5.42991693096e-06
2804.0 5.21272025372e-06
2805.0 6.29870363991e-06
2806.0 8.03627705782e-06
2807.0 6.51590031715e-06
2808.0 6.29870363991e-06
2809.0 3.25795015858e-06
2810.0 4.99552357648e-06
2811.0 5.21272025372e-06
2812.0 4.34393354477e-06
2813.0 2.60636012686e-06
2814.0 4.56113022201e-06
2815.0 3.25795015858e-06
2816.0 3.90954019029e-06
2817.0 2.17196677238e-06
2818.0 3.47514683581e-06
2819.0 4.12673686753e-06
2820.0 2.60636012686e-06
2821.0 4.12673686753e-06
2822.0 3.69234351305e-06
2823.0 3.25795015858e-06
2824.0 3.90954019029e-06
2825.0 2.60636012686e-06
2826.0 3.25795015858e-06
2827.0 2.60636012686e-06
2828.0 2.17196677238e-06
2829.0 2.60636012686e-06
2830.0 3.69234351305e-06
2831.0 1.95477009515e-06
2832.0 1.95477009515e-06
2833.0 1.73757341791e-06
2834.0 3.04075348134e-06
2835.0 1.30318006343e-06
2836.0 3.47514683581e-06
2837.0 1.73757341791e-06
2838.0 2.60636012686e-06
2839.0 2.60636012686e-06
2840.0 3.04075348134e-06
2841.0 1.52037674067e-06
2842.0 2.60636012686e-06
2843.0 2.60636012686e-06
2844.0 2.38916344962e-06
2845.0 2.17196677238e-06
2846.0 3.90954019029e-06
2847.0 1.95477009515e-06
2848.0 2.60636012686e-06
2849.0 2.60636012686e-06
2850.0 1.73757341791e-06
2851.0 1.73757341791e-06
2852.0 1.95477009515e-06
2853.0 1.95477009515e-06
2854.0 1.95477009515e-06
2855.0 3.25795015858e-06
2856.0 1.73757341791e-06
2857.0 2.38916344962e-06
2858.0 1.52037674067e-06
2859.0 1.73757341791e-06
2860.0 2.8235568041e-06
2861.0 1.95477009515e-06
2862.0 2.17196677238e-06
2863.0 1.95477009515e-06
2864.0 1.73757341791e-06
2865.0 1.73757341791e-06
2866.0 1.52037674067e-06
2867.0 1.52037674067e-06
2868.0 2.17196677238e-06
2869.0 2.17196677238e-06
2870.0 1.52037674067e-06
2871.0 1.08598338619e-06
2872.0 2.60636012686e-06
2873.0 1.30318006343e-06
2874.0 2.17196677238e-06
2875.0 8.68786708953e-07
2876.0 2.60636012686e-06
2877.0 2.38916344962e-06
2878.0 1.73757341791e-06
2879.0 8.68786708953e-07
2880.0 1.73757341791e-06
2881.0 1.08598338619e-06
2882.0 1.52037674067e-06
2883.0 1.30318006343e-06
2884.0 1.95477009515e-06
2885.0 1.08598338619e-06
2886.0 1.73757341791e-06
2887.0 1.30318006343e-06
2888.0 2.17196677238e-06
2889.0 1.08598338619e-06
2890.0 8.68786708953e-07
2891.0 2.38916344962e-06
2892.0 1.08598338619e-06
2893.0 2.17196677238e-06
2894.0 8.68786708953e-07
2895.0 1.30318006343e-06
2896.0 1.52037674067e-06
2897.0 1.08598338619e-06
2898.0 1.08598338619e-06
2899.0 1.30318006343e-06
2900.0 8.68786708953e-07
2901.0 1.08598338619e-06
2902.0 1.30318006343e-06
2903.0 1.30318006343e-06
2904.0 1.52037674067e-06
2905.0 1.08598338619e-06
2906.0 6.51590031715e-07
2907.0 1.08598338619e-06
2908.0 1.30318006343e-06
2909.0 6.51590031715e-07
2910.0 1.08598338619e-06
2911.0 1.73757341791e-06
2912.0 1.52037674067e-06
2913.0 1.52037674067e-06
2914.0 6.51590031715e-07
2915.0 1.08598338619e-06
2916.0 6.51590031715e-07
2917.0 4.34393354477e-07
2918.0 1.52037674067e-06
2919.0 8.68786708953e-07
2920.0 1.30318006343e-06
2921.0 4.34393354477e-07
2922.0 6.51590031715e-07
2923.0 4.34393354477e-07
2924.0 1.52037674067e-06
2925.0 1.30318006343e-06
2926.0 4.34393354477e-07
2927.0 1.08598338619e-06
2928.0 6.51590031715e-07
2929.0 6.51590031715e-07
2931.0 6.51590031715e-07
2932.0 1.52037674067e-06
2933.0 1.08598338619e-06
2934.0 6.51590031715e-07
2935.0 1.08598338619e-06
2936.0 8.68786708953e-07
2937.0 6.51590031715e-07
2938.0 8.68786708953e-07
2939.0 6.51590031715e-07
2940.0 1.52037674067e-06
2941.0 2.17196677238e-07
2942.0 6.51590031715e-07
2943.0 6.51590031715e-07
2944.0 4.34393354477e-07
2945.0 6.51590031715e-07
2946.0 1.52037674067e-06
2947.0 6.51590031715e-07
2948.0 2.17196677238e-07
2949.0 6.51590031715e-07
2950.0 4.34393354477e-07
2951.0 4.34393354477e-07
2952.0 1.08598338619e-06
2953.0 2.17196677238e-07
2955.0 6.51590031715e-07
2956.0 2.17196677238e-07
2957.0 2.17196677238e-07
2958.0 1.30318006343e-06
2959.0 6.51590031715e-07
2960.0 1.08598338619e-06
2961.0 2.17196677238e-07
2962.0 4.34393354477e-07
2963.0 2.17196677238e-07
2964.0 4.34393354477e-07
2965.0 1.30318006343e-06
2966.0 2.17196677238e-07
2967.0 4.34393354477e-07
2968.0 8.68786708953e-07
2969.0 4.34393354477e-07
2970.0 4.34393354477e-07
2971.0 2.17196677238e-07
2972.0 4.34393354477e-07
2973.0 2.17196677238e-07
2974.0 2.17196677238e-07
2975.0 6.51590031715e-07
2977.0 8.68786708953e-07
2978.0 2.17196677238e-07
2979.0 2.17196677238e-07
2981.0 2.17196677238e-07
2982.0 2.17196677238e-07
2983.0 4.34393354477e-07
2984.0 8.68786708953e-07
2985.0 4.34393354477e-07
2987.0 1.08598338619e-06
2988.0 6.51590031715e-07
2989.0 4.34393354477e-07
2990.0 1.08598338619e-06
2991.0 4.34393354477e-07
2992.0 2.17196677238e-07
2993.0 4.34393354477e-07
2994.0 6.51590031715e-07
2995.0 2.17196677238e-07
2996.0 6.51590031715e-07
2997.0 2.17196677238e-07
2998.0 2.17196677238e-07
2999.0 2.17196677238e-07
3000.0 2.17196677238e-07
3001.0 8.68786708953e-07
3002.0 8.68786708953e-07
3003.0 2.17196677238e-07
3004.0 2.17196677238e-07
3005.0 4.34393354477e-07
3006.0 2.17196677238e-07
3007.0 1.08598338619e-06
3008.0 6.51590031715e-07
3009.0 2.17196677238e-07
3010.0 2.17196677238e-07
3011.0 4.34393354477e-07
3012.0 2.17196677238e-07
3013.0 4.34393354477e-07
3014.0 2.17196677238e-07
3015.0 2.17196677238e-07
3016.0 2.17196677238e-07
3017.0 2.17196677238e-07
3018.0 2.17196677238e-07
3019.0 6.51590031715e-07
3020.0 2.17196677238e-07
3022.0 2.17196677238e-07
3023.0 2.17196677238e-07
3025.0 2.17196677238e-07
3026.0 4.34393354477e-07
3028.0 2.17196677238e-07
3030.0 6.51590031715e-07
3031.0 4.34393354477e-07
3034.0 4.34393354477e-07
3035.0 4.34393354477e-07
3036.0 2.17196677238e-07
3037.0 4.34393354477e-07
3039.0 4.34393354477e-07
3041.0 6.51590031715e-07
3043.0 8.68786708953e-07
3045.0 4.34393354477e-07
3046.0 2.17196677238e-07
3047.0 6.51590031715e-07
3048.0 2.17196677238e-07
3053.0 2.17196677238e-07
3054.0 2.17196677238e-07
3057.0 2.17196677238e-07
3058.0 2.17196677238e-07
3059.0 2.17196677238e-07
3063.0 4.34393354477e-07
3067.0 2.17196677238e-07
3068.0 2.17196677238e-07
3069.0 6.51590031715e-07
3070.0 4.34393354477e-07
3074.0 4.34393354477e-07
3077.0 2.17196677238e-07
3078.0 4.34393354477e-07
3079.0 2.17196677238e-07
3081.0 4.34393354477e-07
3083.0 2.17196677238e-07
3086.0 2.17196677238e-07
3090.0 6.51590031715e-07
3092.0 2.17196677238e-07
3093.0 2.17196677238e-07
3094.0 4.34393354477e-07
3097.0 4.34393354477e-07
3098.0 2.17196677238e-07
3099.0 2.17196677238e-07
3103.0 4.34393354477e-07
3105.0 2.17196677238e-07
3106.0 4.34393354477e-07
3109.0 2.17196677238e-07
3112.0 2.17196677238e-07
3113.0 2.17196677238e-07
3115.0 4.34393354477e-07
3116.0 2.17196677238e-07
3117.0 6.51590031715e-07
3118.0 2.17196677238e-07
3120.0 2.17196677238e-07
3121.0 2.17196677238e-07
3123.0 6.51590031715e-07
3128.0 2.17196677238e-07
3130.0 2.17196677238e-07
3131.0 2.17196677238e-07
3133.0 6.51590031715e-07
3134.0 2.17196677238e-07
3135.0 6.51590031715e-07
3136.0 2.17196677238e-07
3138.0 2.17196677238e-07
3139.0 2.17196677238e-07
3140.0 2.17196677238e-07
3141.0 2.17196677238e-07
3142.0 2.17196677238e-07
3145.0 2.17196677238e-07
3146.0 4.34393354477e-07
3147.0 4.34393354477e-07
3148.0 2.17196677238e-07
3149.0 2.17196677238e-07
3150.0 4.34393354477e-07
3151.0 2.17196677238e-07
3152.0 2.17196677238e-07
3153.0 6.51590031715e-07
3156.0 2.17196677238e-07
3157.0 4.34393354477e-07
3158.0 4.34393354477e-07
3160.0 2.17196677238e-07
3161.0 4.34393354477e-07
3162.0 2.17196677238e-07
3163.0 4.34393354477e-07
3164.0 2.17196677238e-07
3165.0 4.34393354477e-07
3167.0 2.17196677238e-07
3169.0 4.34393354477e-07
3170.0 4.34393354477e-07
3171.0 4.34393354477e-07
3173.0 2.17196677238e-07
3174.0 2.17196677238e-07
3176.0 6.51590031715e-07
3178.0 2.17196677238e-07
3179.0 2.17196677238e-07
3180.0 6.51590031715e-07
3181.0 6.51590031715e-07
3184.0 2.17196677238e-07
3186.0 4.34393354477e-07
3187.0 4.34393354477e-07
3188.0 2.17196677238e-07
3189.0 2.17196677238e-07
3194.0 2.17196677238e-07
3195.0 1.08598338619e-06
3197.0 2.17196677238e-07
3199.0 4.34393354477e-07
3200.0 2.17196677238e-07
3201.0 6.51590031715e-07
3202.0 2.17196677238e-07
3203.0 2.17196677238e-07
3205.0 2.17196677238e-07
3207.0 4.34393354477e-07
3209.0 4.34393354477e-07
3212.0 2.17196677238e-07
3213.0 2.17196677238e-07
3214.0 4.34393354477e-07
3215.0 8.68786708953e-07
3216.0 4.34393354477e-07
3217.0 4.34393354477e-07
3218.0 2.17196677238e-07
3219.0 2.17196677238e-07
3221.0 2.17196677238e-07
3222.0 2.17196677238e-07
3224.0 4.34393354477e-07
3225.0 4.34393354477e-07
3226.0 2.17196677238e-07
3230.0 4.34393354477e-07
3232.0 6.51590031715e-07
3233.0 4.34393354477e-07
3234.0 6.51590031715e-07
3235.0 2.17196677238e-07
3237.0 2.17196677238e-07
3238.0 4.34393354477e-07
3239.0 4.34393354477e-07
3240.0 4.34393354477e-07
3241.0 2.17196677238e-07
3243.0 2.17196677238e-07
3244.0 2.17196677238e-07
3248.0 4.34393354477e-07
3252.0 2.17196677238e-07
3253.0 2.17196677238e-07
3255.0 6.51590031715e-07
3258.0 8.68786708953e-07
3259.0 2.17196677238e-07
3265.0 4.34393354477e-07
3267.0 2.17196677238e-07
3269.0 2.17196677238e-07
3271.0 2.17196677238e-07
3273.0 2.17196677238e-07
3276.0 2.17196677238e-07
3280.0 2.17196677238e-07
3281.0 2.17196677238e-07
3284.0 2.17196677238e-07
3287.0 2.17196677238e-07
3288.0 2.17196677238e-07
3289.0 2.17196677238e-07
3291.0 2.17196677238e-07
3292.0 2.17196677238e-07
3295.0 2.17196677238e-07
3298.0 2.17196677238e-07
3300.0 2.17196677238e-07
3310.0 2.17196677238e-07
3311.0 4.34393354477e-07
3312.0 2.17196677238e-07
3316.0 2.17196677238e-07
3319.0 2.17196677238e-07
3335.0 2.17196677238e-07
3353.0 2.17196677238e-07
3355.0 2.17196677238e-07
3356.0 2.17196677238e-07
3358.0 2.17196677238e-07
3368.0 2.17196677238e-07
3369.0 2.17196677238e-07
3370.0 2.17196677238e-07
3374.0 2.17196677238e-07
3390.0 2.17196677238e-07
3398.0 2.17196677238e-07
3401.0 2.17196677238e-07
3402.0 2.17196677238e-07
3407.0 4.34393354477e-07
3413.0 2.17196677238e-07
3440.0 2.17196677238e-07
3441.0 2.17196677238e-07
3448.0 2.17196677238e-07
3471.0 2.17196677238e-07
3476.0 2.17196677238e-07
3504.0 2.17196677238e-07
3513.0 2.17196677238e-07
3524.0 2.17196677238e-07
3532.0 2.17196677238e-07
3537.0 2.17196677238e-07
3540.0 2.17196677238e-07
3546.0 2.17196677238e-07
3548.0 2.17196677238e-07
3550.0 2.17196677238e-07
3551.0 2.17196677238e-07
3553.0 2.17196677238e-07
3558.0 2.17196677238e-07
3559.0 2.17196677238e-07
3562.0 2.17196677238e-07
3568.0 2.17196677238e-07
3570.0 2.17196677238e-07
3576.0 4.34393354477e-07
3577.0 2.17196677238e-07
3594.0 2.17196677238e-07
3607.0 2.17196677238e-07
3612.0 2.17196677238e-07
3615.0 2.17196677238e-07
3618.0 2.17196677238e-07
3619.0 2.17196677238e-07
3621.0 2.17196677238e-07
3643.0 2.17196677238e-07
3650.0 2.17196677238e-07
3651.0 2.17196677238e-07
3652.0 2.17196677238e-07
3653.0 4.34393354477e-07
3659.0 4.34393354477e-07
3662.0 2.17196677238e-07
3664.0 2.17196677238e-07
3665.0 2.17196677238e-07
3668.0 2.17196677238e-07
3670.0 4.34393354477e-07
3683.0 4.34393354477e-07
3684.0 2.17196677238e-07
3686.0 2.17196677238e-07
3687.0 2.17196677238e-07
3693.0 2.17196677238e-07
3701.0 2.17196677238e-07
3702.0 2.17196677238e-07
3703.0 4.34393354477e-07
3704.0 2.17196677238e-07
3718.0 2.17196677238e-07
3719.0 2.17196677238e-07
3721.0 2.17196677238e-07
3722.0 2.17196677238e-07
3723.0 2.17196677238e-07
3724.0 2.17196677238e-07
3725.0 2.17196677238e-07
3736.0 4.34393354477e-07
3738.0 6.51590031715e-07
3739.0 4.34393354477e-07
3740.0 2.17196677238e-07
3741.0 2.17196677238e-07
3743.0 2.17196677238e-07
3748.0 4.34393354477e-07
3749.0 2.17196677238e-07
3750.0 4.34393354477e-07
3753.0 4.34393354477e-07
3754.0 2.17196677238e-07
3755.0 4.34393354477e-07
3758.0 4.34393354477e-07
3760.0 2.17196677238e-07
3763.0 2.17196677238e-07
3764.0 4.34393354477e-07
3765.0 6.51590031715e-07
3766.0 4.34393354477e-07
3771.0 2.17196677238e-07
3773.0 2.17196677238e-07
3775.0 2.17196677238e-07
3776.0 2.17196677238e-07
3778.0 2.17196677238e-07
3779.0 2.17196677238e-07
3780.0 2.17196677238e-07
3781.0 4.34393354477e-07
3783.0 2.17196677238e-07
3784.0 2.17196677238e-07
3788.0 2.17196677238e-07
3791.0 2.17196677238e-07
3792.0 2.17196677238e-07
3793.0 2.17196677238e-07
3794.0 2.17196677238e-07
3801.0 2.17196677238e-07
3803.0 6.51590031715e-07
3804.0 4.34393354477e-07
3805.0 2.17196677238e-07
3806.0 4.34393354477e-07
3809.0 2.17196677238e-07
3810.0 6.51590031715e-07
3811.0 4.34393354477e-07
3812.0 2.17196677238e-07
3814.0 2.17196677238e-07
3816.0 4.34393354477e-07
3818.0 4.34393354477e-07
3820.0 2.17196677238e-07
3824.0 2.17196677238e-07
3825.0 4.34393354477e-07
3826.0 2.17196677238e-07
3827.0 2.17196677238e-07
3828.0 2.17196677238e-07
3829.0 2.17196677238e-07
3831.0 2.17196677238e-07
3832.0 4.34393354477e-07
3833.0 2.17196677238e-07
3837.0 4.34393354477e-07
3842.0 4.34393354477e-07
3843.0 2.17196677238e-07
3844.0 2.17196677238e-07
3845.0 2.17196677238e-07
3846.0 2.17196677238e-07
3847.0 4.34393354477e-07
3848.0 4.34393354477e-07
3849.0 2.17196677238e-07
3851.0 2.17196677238e-07
3852.0 4.34393354477e-07
3854.0 2.17196677238e-07
3855.0 2.17196677238e-07
3856.0 4.34393354477e-07
3857.0 2.17196677238e-07
3859.0 4.34393354477e-07
3860.0 4.34393354477e-07
3862.0 4.34393354477e-07
3863.0 2.17196677238e-07
3864.0 6.51590031715e-07
3865.0 2.17196677238e-07
3866.0 4.34393354477e-07
3867.0 6.51590031715e-07
3868.0 2.17196677238e-07
3869.0 4.34393354477e-07
3871.0 2.17196677238e-07
3872.0 2.17196677238e-07
3873.0 4.34393354477e-07
3874.0 2.17196677238e-07
3875.0 6.51590031715e-07
3878.0 4.34393354477e-07
3879.0 6.51590031715e-07
3880.0 6.51590031715e-07
3881.0 4.34393354477e-07
3882.0 8.68786708953e-07
3883.0 6.51590031715e-07
3884.0 1.08598338619e-06
3885.0 2.17196677238e-07
3886.0 2.17196677238e-07
3889.0 4.34393354477e-07
3890.0 2.17196677238e-07
3891.0 2.17196677238e-07
3892.0 4.34393354477e-07
3893.0 4.34393354477e-07
3894.0 6.51590031715e-07
3895.0 4.34393354477e-07
3896.0 2.17196677238e-07
3897.0 6.51590031715e-07
3898.0 2.17196677238e-07
3899.0 4.34393354477e-07
3900.0 4.34393354477e-07
3902.0 1.30318006343e-06
3903.0 6.51590031715e-07
3904.0 4.34393354477e-07
3905.0 6.51590031715e-07
3906.0 8.68786708953e-07
3908.0 2.17196677238e-07
3910.0 4.34393354477e-07
3911.0 2.17196677238e-07
3912.0 2.17196677238e-07
3913.0 2.17196677238e-07
3914.0 4.34393354477e-07
3915.0 4.34393354477e-07
3916.0 4.34393354477e-07
3917.0 2.17196677238e-07
3918.0 4.34393354477e-07
3919.0 4.34393354477e-07
3920.0 8.68786708953e-07
3921.0 4.34393354477e-07
3922.0 2.17196677238e-07
3923.0 4.34393354477e-07
3924.0 6.51590031715e-07
3925.0 6.51590031715e-07
3926.0 2.17196677238e-07
3929.0 2.17196677238e-07
3931.0 6.51590031715e-07
3932.0 4.34393354477e-07
3933.0 6.51590031715e-07
3934.0 4.34393354477e-07
3935.0 6.51590031715e-07
3936.0 2.17196677238e-07
3937.0 4.34393354477e-07
3938.0 1.52037674067e-06
3939.0 2.17196677238e-07
3940.0 4.34393354477e-07
3941.0 1.30318006343e-06
3943.0 6.51590031715e-07
3944.0 6.51590031715e-07
3945.0 4.34393354477e-07
3946.0 6.51590031715e-07
3947.0 6.51590031715e-07
3948.0 2.17196677238e-07
3949.0 1.30318006343e-06
3950.0 8.68786708953e-07
3951.0 6.51590031715e-07
3952.0 8.68786708953e-07
3953.0 6.51590031715e-07
3954.0 1.30318006343e-06
3955.0 6.51590031715e-07
3956.0 2.17196677238e-07
3957.0 2.17196677238e-07
3958.0 4.34393354477e-07
3959.0 4.34393354477e-07
3960.0 2.17196677238e-07
3961.0 6.51590031715e-07
3962.0 4.34393354477e-07
3963.0 4.34393354477e-07
3964.0 6.51590031715e-07
3965.0 2.17196677238e-07
3966.0 1.30318006343e-06
3967.0 4.34393354477e-07
3968.0 6.51590031715e-07
3969.0 2.17196677238e-07
3970.0 1.08598338619e-06
3972.0 6.51590031715e-07
3973.0 6.51590031715e-07
3974.0 4.34393354477e-07
3975.0 1.30318006343e-06
3976.0 1.52037674067e-06
3977.0 8.68786708953e-07
3978.0 2.17196677238e-07
3979.0 8.68786708953e-07
3980.0 6.51590031715e-07
3981.0 4.34393354477e-07
3982.0 1.30318006343e-06
3983.0 1.52037674067e-06
3984.0 8.68786708953e-07
3985.0 2.17196677238e-07
3986.0 4.34393354477e-07
3987.0 6.51590031715e-07
3988.0 6.51590031715e-07
3989.0 6.51590031715e-07
3990.0 1.08598338619e-06
3991.0 2.17196677238e-07
3992.0 8.68786708953e-07
3993.0 4.34393354477e-07
3994.0 4.34393354477e-07
3995.0 1.08598338619e-06
3996.0 8.68786708953e-07
3997.0 8.68786708953e-07
3998.0 8.68786708953e-07
3999.0 6.51590031715e-07
4000.0 4.34393354477e-07
4001.0 4.34393354477e-07
4002.0 1.30318006343e-06
4003.0 1.08598338619e-06
4004.0 1.30318006343e-06
4005.0 1.52037674067e-06
4006.0 8.68786708953e-07
4007.0 2.17196677238e-07
4008.0 8.68786708953e-07
4009.0 1.73757341791e-06
4010.0 1.30318006343e-06
4011.0 1.52037674067e-06
4012.0 8.68786708953e-07
4013.0 2.17196677238e-07
4014.0 1.30318006343e-06
4015.0 6.51590031715e-07
4016.0 8.68786708953e-07
4017.0 1.08598338619e-06
4018.0 1.08598338619e-06
4019.0 8.68786708953e-07
4020.0 1.73757341791e-06
4021.0 8.68786708953e-07
4022.0 1.52037674067e-06
4023.0 1.30318006343e-06
4024.0 1.73757341791e-06
4025.0 1.08598338619e-06
4026.0 1.08598338619e-06
4027.0 1.08598338619e-06
4028.0 1.73757341791e-06
4029.0 1.30318006343e-06
4030.0 1.73757341791e-06
4031.0 4.34393354477e-07
4032.0 8.68786708953e-07
4033.0 1.52037674067e-06
4034.0 2.17196677238e-06
4035.0 1.52037674067e-06
4036.0 2.17196677238e-06
4037.0 8.68786708953e-07
4038.0 8.68786708953e-07
4039.0 6.51590031715e-07
4040.0 1.52037674067e-06
4041.0 1.52037674067e-06
4042.0 8.68786708953e-07
4043.0 4.34393354477e-07
4044.0 8.68786708953e-07
4045.0 1.08598338619e-06
4046.0 8.68786708953e-07
4047.0 1.08598338619e-06
4048.0 1.08598338619e-06
4049.0 1.30318006343e-06
4050.0 1.52037674067e-06
4051.0 1.30318006343e-06
4052.0 8.68786708953e-07
4053.0 4.34393354477e-07
4054.0 1.95477009515e-06
4055.0 1.08598338619e-06
4056.0 8.68786708953e-07
4057.0 1.08598338619e-06
4058.0 2.60636012686e-06
4059.0 1.52037674067e-06
4060.0 8.68786708953e-07
4061.0 1.52037674067e-06
4062.0 2.17196677238e-07
4063.0 1.95477009515e-06
4064.0 2.38916344962e-06
4065.0 1.95477009515e-06
4066.0 1.73757341791e-06
4067.0 1.30318006343e-06
4068.0 2.17196677238e-06
4069.0 2.17196677238e-06
4070.0 1.95477009515e-06
4071.0 1.30318006343e-06
4072.0 1.52037674067e-06
4073.0 8.68786708953e-07
4074.0 1.30318006343e-06
4075.0 8.68786708953e-07
4076.0 1.08598338619e-06
4077.0 1.30318006343e-06
4078.0 1.30318006343e-06
4079.0 2.38916344962e-06
4080.0 8.68786708953e-07
4081.0 1.30318006343e-06
4082.0 1.52037674067e-06
4083.0 1.08598338619e-06
4084.0 1.73757341791e-06
4085.0 2.8235568041e-06
4086.0 1.52037674067e-06
4087.0 1.08598338619e-06
4088.0 1.30318006343e-06
4089.0 2.17196677238e-06
4090.0 1.95477009515e-06
4091.0 1.73757341791e-06
4092.0 1.52037674067e-06
4093.0 2.17196677238e-06
4094.0 1.30318006343e-06
4095.0 2.8235568041e-06
4096.0 1.73757341791e-06
4097.0 8.68786708953e-07
4098.0 1.08598338619e-06
4099.0 2.8235568041e-06
4100.0 1.30318006343e-06
4101.0 1.08598338619e-06
4102.0 1.52037674067e-06
4103.0 1.30318006343e-06
4104.0 4.34393354477e-07
4105.0 1.52037674067e-06
4106.0 2.8235568041e-06
4107.0 1.30318006343e-06
4108.0 1.95477009515e-06
4109.0 2.8235568041e-06
4110.0 1.30318006343e-06
4111.0 1.95477009515e-06
4112.0 1.30318006343e-06
4113.0 1.73757341791e-06
4114.0 1.52037674067e-06
4115.0 2.38916344962e-06
4116.0 6.51590031715e-07
4117.0 2.8235568041e-06
4118.0 1.08598338619e-06
4119.0 1.52037674067e-06
4120.0 2.17196677238e-06
4121.0 1.08598338619e-06
4122.0 2.17196677238e-06
4123.0 2.38916344962e-06
4124.0 4.12673686753e-06
4125.0 1.95477009515e-06
4126.0 1.73757341791e-06
4127.0 3.04075348134e-06
4128.0 1.52037674067e-06
4129.0 2.38916344962e-06
4130.0 3.25795015858e-06
4131.0 2.8235568041e-06
4132.0 8.68786708953e-07
4133.0 3.04075348134e-06
4134.0 3.04075348134e-06
4135.0 1.30318006343e-06
4136.0 2.8235568041e-06
4137.0 3.69234351305e-06
4138.0 1.95477009515e-06
4139.0 2.38916344962e-06
4140.0 3.25795015858e-06
4141.0 2.60636012686e-06
4142.0 2.60636012686e-06
4143.0 2.38916344962e-06
4144.0 3.25795015858e-06
4145.0 4.12673686753e-06
4146.0 1.30318006343e-06
4147.0 1.95477009515e-06
4148.0 2.38916344962e-06
4149.0 3.25795015858e-06
4150.0 1.95477009515e-06
4151.0 3.04075348134e-06
4152.0 3.90954019029e-06
4153.0 1.95477009515e-06
4154.0 2.8235568041e-06
4155.0 2.8235568041e-06
4156.0 2.60636012686e-06
4157.0 2.60636012686e-06
4158.0 3.47514683581e-06
4159.0 2.38916344962e-06
4160.0 3.47514683581e-06
4161.0 1.08598338619e-06
4162.0 3.90954019029e-06
4163.0 2.60636012686e-06
4164.0 4.12673686753e-06
4165.0 3.47514683581e-06
4166.0 2.60636012686e-06
4167.0 1.95477009515e-06
4168.0 2.38916344962e-06
4169.0 2.8235568041e-06
4170.0 3.69234351305e-06
4171.0 4.34393354477e-06
4172.0 3.04075348134e-06
4173.0 3.69234351305e-06
4174.0 3.90954019029e-06
4175.0 3.25795015858e-06
4176.0 4.56113022201e-06
4177.0 3.25795015858e-06
4178.0 3.90954019029e-06
4179.0 4.56113022201e-06
4180.0 3.25795015858e-06
4181.0 2.8235568041e-06
4182.0 2.38916344962e-06
4183.0 3.47514683581e-06
4184.0 3.69234351305e-06
4185.0 1.73757341791e-06
4186.0 2.60636012686e-06
4187.0 3.90954019029e-06
4188.0 4.12673686753e-06
4189.0 5.21272025372e-06
4190.0 3.47514683581e-06
4191.0 3.69234351305e-06
4192.0 3.90954019029e-06
4193.0 3.25795015858e-06
4194.0 4.34393354477e-06
4195.0 3.04075348134e-06
4196.0 3.04075348134e-06
4197.0 3.90954019029e-06
4198.0 3.04075348134e-06
4199.0 3.25795015858e-06
4200.0 3.25795015858e-06
4201.0 2.60636012686e-06
4202.0 4.12673686753e-06
4203.0 5.86431028544e-06
4204.0 3.25795015858e-06
4205.0 3.04075348134e-06
4206.0 3.69234351305e-06
4207.0 3.90954019029e-06
4208.0 3.25795015858e-06
4209.0 3.90954019029e-06
4210.0 4.56113022201e-06
4211.0 3.25795015858e-06
4212.0 5.6471136082e-06
4213.0 4.12673686753e-06
4214.0 4.77832689924e-06
4215.0 5.21272025372e-06
4216.0 3.47514683581e-06
4217.0 4.12673686753e-06
4218.0 6.08150696267e-06
4219.0 2.38916344962e-06
4220.0 4.34393354477e-06
4221.0 4.12673686753e-06
4222.0 5.21272025372e-06
4223.0 4.77832689924e-06
4224.0 6.95029367163e-06
4225.0 4.99552357648e-06
4226.0 4.34393354477e-06
4227.0 4.34393354477e-06
4228.0 6.51590031715e-06
4229.0 5.86431028544e-06
4230.0 4.99552357648e-06
4231.0 5.6471136082e-06
4232.0 5.86431028544e-06
4233.0 4.12673686753e-06
4234.0 5.86431028544e-06
4235.0 4.56113022201e-06
4236.0 5.6471136082e-06
4237.0 5.21272025372e-06
4238.0 4.34393354477e-06
4239.0 4.34393354477e-06
4240.0 7.3846870261e-06
4241.0 5.6471136082e-06
4242.0 5.42991693096e-06
4243.0 1.06426371847e-05
4244.0 1.02082438302e-05
4245.0 1.08598338619e-05
4246.0 1.41177840205e-05
4247.0 6.51590031715e-06
4248.0 6.08150696267e-06
4249.0 8.03627705782e-06
4250.0 7.60188370334e-06
4251.0 7.81908038058e-06
4252.0 1.10770305392e-05
4253.0 1.17286205709e-05
4254.0 1.17286205709e-05
4255.0 1.69413408246e-05
4256.0 2.69323879776e-05
4257.0 2.3674437819e-05
4258.0 1.78101275335e-05
4259.0 1.71585375018e-05
4260.0 1.19458172481e-05
4261.0 1.15114238936e-05
4262.0 9.55665379849e-06
4263.0 7.60188370334e-06
4264.0 7.60188370334e-06
4265.0 5.86431028544e-06
4266.0 5.21272025372e-06
4267.0 7.16749034887e-06
4268.0 6.29870363991e-06
4269.0 6.95029367163e-06
4270.0 5.6471136082e-06
4271.0 4.56113022201e-06
4272.0 5.6471136082e-06
4273.0 2.8235568041e-06
4274.0 7.16749034887e-06
4275.0 6.73309699439e-06
4276.0 3.47514683581e-06
4277.0 3.69234351305e-06
4278.0 6.51590031715e-06
4279.0 5.6471136082e-06
4280.0 5.86431028544e-06
4281.0 3.69234351305e-06
4282.0 4.77832689924e-06
4283.0 4.12673686753e-06
4284.0 2.38916344962e-06
4285.0 4.99552357648e-06
4286.0 2.8235568041e-06
4287.0 4.34393354477e-06
4288.0 3.04075348134e-06
4289.0 3.90954019029e-06
4290.0 3.69234351305e-06
4291.0 3.25795015858e-06
4292.0 3.04075348134e-06
4293.0 3.69234351305e-06
4294.0 4.99552357648e-06
4295.0 4.12673686753e-06
4296.0 5.21272025372e-06
4297.0 2.60636012686e-06
4298.0 3.47514683581e-06
4299.0 4.34393354477e-06
4300.0 4.56113022201e-06
4301.0 3.90954019029e-06
4302.0 2.60636012686e-06
4303.0 3.25795015858e-06
4304.0 4.34393354477e-06
4305.0 5.86431028544e-06
4306.0 4.34393354477e-06
4307.0 2.8235568041e-06
4308.0 2.60636012686e-06
4309.0 4.12673686753e-06
4310.0 4.12673686753e-06
4311.0 4.77832689924e-06
4312.0 4.99552357648e-06
4313.0 4.77832689924e-06
4314.0 3.69234351305e-06
4315.0 3.90954019029e-06
4316.0 3.25795015858e-06
4317.0 3.25795015858e-06
4318.0 2.8235568041e-06
4319.0 3.47514683581e-06
4320.0 2.17196677238e-06
4321.0 3.04075348134e-06
4322.0 3.69234351305e-06
4323.0 2.8235568041e-06
4324.0 4.12673686753e-06
4325.0 5.21272025372e-06
4326.0 3.25795015858e-06
4327.0 2.17196677238e-06
4328.0 2.38916344962e-06
4329.0 3.47514683581e-06
4330.0 3.04075348134e-06
4331.0 4.12673686753e-06
4332.0 3.69234351305e-06
4333.0 4.12673686753e-06
4334.0 2.8235568041e-06
4335.0 1.52037674067e-06
4336.0 1.52037674067e-06
4337.0 3.47514683581e-06
4338.0 1.52037674067e-06
4339.0 1.73757341791e-06
4340.0 3.47514683581e-06
4341.0 3.25795015858e-06
4342.0 3.69234351305e-06
4343.0 4.34393354477e-06
4344.0 3.90954019029e-06
4345.0 3.47514683581e-06
4346.0 3.25795015858e-06
4347.0 3.04075348134e-06
4348.0 2.8235568041e-06
4349.0 2.8235568041e-06
4350.0 3.47514683581e-06
4351.0 3.04075348134e-06
4352.0 3.25795015858e-06
4353.0 2.8235568041e-06
4354.0 2.38916344962e-06
4355.0 2.17196677238e-06
4356.0 4.12673686753e-06
4357.0 2.60636012686e-06
4358.0 2.38916344962e-06
4359.0 3.90954019029e-06
4360.0 2.17196677238e-06
4361.0 2.38916344962e-06
4362.0 1.52037674067e-06
4363.0 3.69234351305e-06
4364.0 2.8235568041e-06
4365.0 2.8235568041e-06
4366.0 2.38916344962e-06
4367.0 2.60636012686e-06
4368.0 3.47514683581e-06
4369.0 3.25795015858e-06
4370.0 1.30318006343e-06
4371.0 2.38916344962e-06
4372.0 1.52037674067e-06
4373.0 3.25795015858e-06
4374.0 2.17196677238e-06
4375.0 1.30318006343e-06
4376.0 1.73757341791e-06
4377.0 1.52037674067e-06
4378.0 3.47514683581e-06
4379.0 3.25795015858e-06
4380.0 2.38916344962e-06
4381.0 2.8235568041e-06
4382.0 1.95477009515e-06
4383.0 1.08598338619e-06
4384.0 2.17196677238e-06
4385.0 2.38916344962e-06
4386.0 2.17196677238e-06
4387.0 1.95477009515e-06
4388.0 1.08598338619e-06
4389.0 1.52037674067e-06
4390.0 2.8235568041e-06
4391.0 2.38916344962e-06
4392.0 2.60636012686e-06
4393.0 2.38916344962e-06
4394.0 3.25795015858e-06
4395.0 1.52037674067e-06
4396.0 1.95477009515e-06
4397.0 2.17196677238e-06
4398.0 1.30318006343e-06
4399.0 1.95477009515e-06
4400.0 3.47514683581e-06
4401.0 1.95477009515e-06
4402.0 1.52037674067e-06
4403.0 2.17196677238e-06
4404.0 3.04075348134e-06
4405.0 1.73757341791e-06
4406.0 1.95477009515e-06
4407.0 2.8235568041e-06
4408.0 1.95477009515e-06
4409.0 2.17196677238e-06
4410.0 1.95477009515e-06
4411.0 1.95477009515e-06
4412.0 1.52037674067e-06
4413.0 2.60636012686e-06
4414.0 1.30318006343e-06
4415.0 8.68786708953e-07
4416.0 1.95477009515e-06
4417.0 1.30318006343e-06
4418.0 8.68786708953e-07
4419.0 2.17196677238e-06
4420.0 6.51590031715e-07
4421.0 8.68786708953e-07
4422.0 1.52037674067e-06
4423.0 3.04075348134e-06
4424.0 1.30318006343e-06
4425.0 1.73757341791e-06
4426.0 2.38916344962e-06
4427.0 1.30318006343e-06
4428.0 1.73757341791e-06
4429.0 1.73757341791e-06
4430.0 2.17196677238e-07
4431.0 1.95477009515e-06
4432.0 8.68786708953e-07
4433.0 6.51590031715e-07
4434.0 8.68786708953e-07
4435.0 1.30318006343e-06
4436.0 1.52037674067e-06
4437.0 1.30318006343e-06
4438.0 1.08598338619e-06
4439.0 1.30318006343e-06
4440.0 1.52037674067e-06
4441.0 1.52037674067e-06
4442.0 1.08598338619e-06
4443.0 1.73757341791e-06
4444.0 1.30318006343e-06
4445.0 1.73757341791e-06
4446.0 1.52037674067e-06
4447.0 1.08598338619e-06
4448.0 1.08598338619e-06
4449.0 6.51590031715e-07
4450.0 3.04075348134e-06
4451.0 1.30318006343e-06
4452.0 4.34393354477e-07
4453.0 1.08598338619e-06
4454.0 4.34393354477e-07
4455.0 1.08598338619e-06
4456.0 4.34393354477e-07
4457.0 1.08598338619e-06
4458.0 1.08598338619e-06
4459.0 1.30318006343e-06
4460.0 1.08598338619e-06
4461.0 8.68786708953e-07
4462.0 6.51590031715e-07
4463.0 1.73757341791e-06
4464.0 8.68786708953e-07
4465.0 1.73757341791e-06
4466.0 1.08598338619e-06
4467.0 1.52037674067e-06
4468.0 2.17196677238e-07
4469.0 1.08598338619e-06
4470.0 1.30318006343e-06
4471.0 8.68786708953e-07
4472.0 1.52037674067e-06
4473.0 1.52037674067e-06
4474.0 1.52037674067e-06
4475.0 1.52037674067e-06
4476.0 1.08598338619e-06
4477.0 1.08598338619e-06
4478.0 4.34393354477e-07
4479.0 1.95477009515e-06
4480.0 1.30318006343e-06
4481.0 1.08598338619e-06
4482.0 1.08598338619e-06
4483.0 1.30318006343e-06
4484.0 6.51590031715e-07
4485.0 6.51590031715e-07
4486.0 8.68786708953e-07
4487.0 1.08598338619e-06
4488.0 1.52037674067e-06
4489.0 1.30318006343e-06
4490.0 1.08598338619e-06
4491.0 1.52037674067e-06
4492.0 1.52037674067e-06
4493.0 8.68786708953e-07
4494.0 4.34393354477e-07
4495.0 1.30318006343e-06
4496.0 1.08598338619e-06
4497.0 6.51590031715e-07
4498.0 1.95477009515e-06
4499.0 4.34393354477e-07
4500.0 6.51590031715e-07
4501.0 8.68786708953e-07
4502.0 1.73757341791e-06
4503.0 1.30318006343e-06
4504.0 1.30318006343e-06
4505.0 8.68786708953e-07
4506.0 1.30318006343e-06
4507.0 8.68786708953e-07
4508.0 4.34393354477e-07
4509.0 4.34393354477e-07
4510.0 1.52037674067e-06
4511.0 6.51590031715e-07
4512.0 6.51590031715e-07
4513.0 1.73757341791e-06
4514.0 4.34393354477e-07
4515.0 4.34393354477e-07
4516.0 1.08598338619e-06
4517.0 2.17196677238e-07
4518.0 1.30318006343e-06
4519.0 1.52037674067e-06
4520.0 1.08598338619e-06
4521.0 6.51590031715e-07
4522.0 6.51590031715e-07
4523.0 2.17196677238e-07
4524.0 4.34393354477e-07
4525.0 1.08598338619e-06
4527.0 8.68786708953e-07
4528.0 4.34393354477e-07
4529.0 8.68786708953e-07
4530.0 8.68786708953e-07
4531.0 1.30318006343e-06
4532.0 8.68786708953e-07
4533.0 8.68786708953e-07
4534.0 8.68786708953e-07
4535.0 4.34393354477e-07
4536.0 6.51590031715e-07
4537.0 4.34393354477e-07
4538.0 6.51590031715e-07
4539.0 8.68786708953e-07
4541.0 6.51590031715e-07
4542.0 4.34393354477e-07
4544.0 8.68786708953e-07
4545.0 6.51590031715e-07
4546.0 6.51590031715e-07
4547.0 2.17196677238e-07
4548.0 6.51590031715e-07
4549.0 8.68786708953e-07
4550.0 4.34393354477e-07
4551.0 1.30318006343e-06
4552.0 8.68786708953e-07
4553.0 6.51590031715e-07
4555.0 8.68786708953e-07
4556.0 6.51590031715e-07
4557.0 2.17196677238e-07
4558.0 2.17196677238e-07
4559.0 8.68786708953e-07
4560.0 8.68786708953e-07
4561.0 8.68786708953e-07
4562.0 4.34393354477e-07
4563.0 6.51590031715e-07
4564.0 6.51590031715e-07
4565.0 2.17196677238e-07
4566.0 6.51590031715e-07
4567.0 2.17196677238e-07
4568.0 6.51590031715e-07
4569.0 1.30318006343e-06
4570.0 6.51590031715e-07
4571.0 6.51590031715e-07
4572.0 6.51590031715e-07
4573.0 4.34393354477e-07
4574.0 4.34393354477e-07
4575.0 6.51590031715e-07
4576.0 2.17196677238e-07
4577.0 6.51590031715e-07
4578.0 2.17196677238e-07
4579.0 4.34393354477e-07
4580.0 4.34393354477e-07
4581.0 2.17196677238e-07
4582.0 6.51590031715e-07
4583.0 2.17196677238e-07
4584.0 6.51590031715e-07
4585.0 8.68786708953e-07
4588.0 1.08598338619e-06
4589.0 6.51590031715e-07
4590.0 8.68786708953e-07
4591.0 1.08598338619e-06
4592.0 1.08598338619e-06
4593.0 2.17196677238e-07
4594.0 2.17196677238e-07
4595.0 8.68786708953e-07
4596.0 2.17196677238e-07
4597.0 4.34393354477e-07
4598.0 4.34393354477e-07
4599.0 2.17196677238e-07
4600.0 4.34393354477e-07
4601.0 2.17196677238e-07
4602.0 4.34393354477e-07
4603.0 2.17196677238e-07
4606.0 2.17196677238e-07
4607.0 2.17196677238e-07
4608.0 4.34393354477e-07
4609.0 6.51590031715e-07
4610.0 6.51590031715e-07
4611.0 6.51590031715e-07
4612.0 8.68786708953e-07
4613.0 6.51590031715e-07
4615.0 6.51590031715e-07
4616.0 2.17196677238e-07
4617.0 4.34393354477e-07
4618.0 2.17196677238e-07
4619.0 6.51590031715e-07
4621.0 2.17196677238e-07
4622.0 6.51590031715e-07
4623.0 2.17196677238e-07
4624.0 2.17196677238e-07
4626.0 4.34393354477e-07
4627.0 4.34393354477e-07
4628.0 8.68786708953e-07
4629.0 2.17196677238e-07
4630.0 2.17196677238e-07
4631.0 4.34393354477e-07
4632.0 4.34393354477e-07
4633.0 6.51590031715e-07
4634.0 2.17196677238e-07
4636.0 6.51590031715e-07
4637.0 8.68786708953e-07
4638.0 6.51590031715e-07
4639.0 2.17196677238e-07
4641.0 2.17196677238e-07
4642.0 6.51590031715e-07
4643.0 2.17196677238e-07
4644.0 2.17196677238e-07
4646.0 8.68786708953e-07
4648.0 2.17196677238e-07
4650.0 2.17196677238e-07
4651.0 4.34393354477e-07
4654.0 4.34393354477e-07
4655.0 4.34393354477e-07
4656.0 8.68786708953e-07
4658.0 2.17196677238e-07
4660.0 4.34393354477e-07
4664.0 2.17196677238e-07
4665.0 4.34393354477e-07
4668.0 2.17196677238e-07
4669.0 4.34393354477e-07
4670.0 4.34393354477e-07
4671.0 2.17196677238e-07
4672.0 2.17196677238e-07
4673.0 2.17196677238e-07
4677.0 2.17196677238e-07
4682.0 6.51590031715e-07
4684.0 2.17196677238e-07
4685.0 4.34393354477e-07
4687.0 4.34393354477e-07
4690.0 2.17196677238e-07
4692.0 2.17196677238e-07
4693.0 2.17196677238e-07
4694.0 4.34393354477e-07
4695.0 2.17196677238e-07
4696.0 2.17196677238e-07
4697.0 2.17196677238e-07
4698.0 2.17196677238e-07
4700.0 6.51590031715e-07
4702.0 2.17196677238e-07
4703.0 2.17196677238e-07
4704.0 2.17196677238e-07
4705.0 2.17196677238e-07
4706.0 2.17196677238e-07
4708.0 2.17196677238e-07
4710.0 4.34393354477e-07
4711.0 2.17196677238e-07
4713.0 2.17196677238e-07
4717.0 4.34393354477e-07
4720.0 2.17196677238e-07
4722.0 2.17196677238e-07
4724.0 6.51590031715e-07
4725.0 4.34393354477e-07
4726.0 2.17196677238e-07
4730.0 2.17196677238e-07
4732.0 2.17196677238e-07
4734.0 2.17196677238e-07
4737.0 2.17196677238e-07
4738.0 2.17196677238e-07
4739.0 2.17196677238e-07
4743.0 4.34393354477e-07
4744.0 2.17196677238e-07
4745.0 2.17196677238e-07
4751.0 8.68786708953e-07
4753.0 2.17196677238e-07
4754.0 2.17196677238e-07
4757.0 2.17196677238e-07
4758.0 2.17196677238e-07
4760.0 2.17196677238e-07
4763.0 4.34393354477e-07
4765.0 2.17196677238e-07
4766.0 6.51590031715e-07
4772.0 2.17196677238e-07
4773.0 4.34393354477e-07
4775.0 2.17196677238e-07
4776.0 2.17196677238e-07
4777.0 4.34393354477e-07
4778.0 2.17196677238e-07
4781.0 2.17196677238e-07
4782.0 2.17196677238e-07
4783.0 4.34393354477e-07
4788.0 2.17196677238e-07
4789.0 2.17196677238e-07
4791.0 2.17196677238e-07
4794.0 2.17196677238e-07
4795.0 2.17196677238e-07
4796.0 2.17196677238e-07
4800.0 2.17196677238e-07
4801.0 2.17196677238e-07
4803.0 4.34393354477e-07
4805.0 2.17196677238e-07
4808.0 4.34393354477e-07
4809.0 4.34393354477e-07
4812.0 2.17196677238e-07
4814.0 2.17196677238e-07
4820.0 2.17196677238e-07
4822.0 2.17196677238e-07
4824.0 2.17196677238e-07
4825.0 4.34393354477e-07
4832.0 2.17196677238e-07
4838.0 2.17196677238e-07
4842.0 2.17196677238e-07
4851.0 2.17196677238e-07
4854.0 2.17196677238e-07
4856.0 2.17196677238e-07
4859.0 2.17196677238e-07
4866.0 2.17196677238e-07
4871.0 2.17196677238e-07
4872.0 2.17196677238e-07
4874.0 2.17196677238e-07
4877.0 6.51590031715e-07
4880.0 2.17196677238e-07
4886.0 2.17196677238e-07
4892.0 2.17196677238e-07
4893.0 2.17196677238e-07
4895.0 2.17196677238e-07
4900.0 2.17196677238e-07
4901.0 2.17196677238e-07
4931.0 2.17196677238e-07
4932.0 4.34393354477e-07
4934.0 2.17196677238e-07
4941.0 2.17196677238e-07
4947.0 2.17196677238e-07
4959.0 2.17196677238e-07
4978.0 2.17196677238e-07
5000.0 2.17196677238e-07
5001.0 2.17196677238e-07
5012.0 2.17196677238e-07
5014.0 2.17196677238e-07
5044.0 2.17196677238e-07
5060.0 2.17196677238e-07
5107.0 2.17196677238e-07
5112.0 2.17196677238e-07
5177.0 2.17196677238e-07
5187.0 2.17196677238e-07
5218.0 2.17196677238e-07
5236.0 2.17196677238e-07
5250.0 2.17196677238e-07
5254.0 2.17196677238e-07
5255.0 2.17196677238e-07
5260.0 2.17196677238e-07
5267.0 2.17196677238e-07
5499.0 2.17196677238e-07
5741.0 2.17196677238e-07
5800.0 2.17196677238e-07
5918.0 2.17196677238e-07
6017.0 2.17196677238e-07
