0
1.0 0.00176626303075
2.0 0.00143398092752
3.0 0.000651003850714
4.0 0.000724998547867
5.0 0.000716563365941
6.0 0.000713146583388
7.0 0.000737918256894
8.0 0.000725212096777
9.0 0.000716883689305
10.0 0.000711331417657
11.0 0.000623883139203
12.0 0.000611924400269
13.0 0.000622174747927
14.0 0.000637657043868
15.0 0.000637550269413
16.0 0.000628901538577
17.0 0.000646946421433
18.0 0.000635094456954
19.0 0.000635094456954
20.0 0.000635308005863
21.0 0.000651217399623
22.0 0.000631997997765
23.0 0.000647907391526
24.0 0.000655595152269
25.0 0.00545905754887
26.0 0.00124082593885
27.0 0.000726706939144
28.0 0.000710690770929
29.0 0.000715922719212
30.0 0.000715922719212
31.0 0.000717417561579
32.0 0.000710370447564
33.0 0.000691257820161
34.0 0.0007100501242
35.0 0.000693393309256
36.0 0.000672999388396
37.0 0.00065516805445
38.0 0.000663923559741
39.0 0.000657730641364
40.0 0.000654420633266
41.0 0.00064150092424
42.0 0.000630182832034
43.0 0.000645451579066
44.0 0.000622281522382
45.0 0.000618010544191
46.0 0.000611924400269
47.0 0.0006047705118
48.0 0.00060946858781
49.0 0.000587473050128
50.0 0.00057967851493
51.0 0.000594733713052
52.0 0.000599218240152
53.0 0.000584056267575
54.0 0.000582668199663
55.0 0.000566545256993
56.0 0.000566331708084
57.0 0.000584590139849
58.0 0.000562808151076
59.0 0.000567719775996
60.0 0.000567399452631
61.0 0.000542307455761
62.0 0.000563769121169
63.0 0.000554479743605
64.0 0.000552664577874
65.0 0.000546471659497
66.0 0.000540599064485
67.0 0.000541773583487
68.0 0.000545617463859
69.0 0.000546364885042
70.0 0.000541346485668
71.0 0.000552237480055
72.0 0.000549141020866
73.0 0.000531096138011
74.0 0.000525970964182
75.0 0.000523194828358
76.0 0.000532057108104
77.0 0.000520952564808
78.0 0.000517322233346
79.0 0.000516254488798
80.0 0.000528640325551
81.0 0.000525757415272
82.0 0.000526291287546
83.0 0.00052661161091
84.0 0.000515827390979
85.0 0.000534512920563
86.0 0.000495860567938
87.0 0.00052436934736
88.0 0.000507392209052
89.0 0.000511876736153
90.0 0.000525330317453
91.0 0.000522981279448
92.0 0.000504722847683
93.0 0.000494365725571
94.0 0.000506538013414
95.0 0.000508566728055
96.0 0.000500558643947
97.0 0.000502053486314
98.0 0.000494258951116
99.0 0.000519457722441
100.0 0.000520845790353
101.0 0.000403927762383
102.0 0.000404354860202
103.0 0.000404248085748
104.0 0.000399122911919
105.0 0.000400617754285
106.0 0.000406276800388
107.0 0.000408412289483
108.0 0.000400297430921
109.0 0.000411935846491
110.0 0.000392609670178
111.0 0.000409266485122
112.0 0.000395812903821
113.0 0.000409266485122
114.0 0.000391648700085
115.0 0.000417701667048
116.0 0.000404568409112
117.0 0.000416740696955
118.0 0.000422186194148
119.0 0.000410974876398
120.0 0.000404888732476
121.0 0.000405742928114
122.0 0.000419410058324
123.0 0.000403927762383
124.0 0.000410761327488
125.0 0.00043051460162
126.0 0.000411722297581
127.0 0.000414925531224
128.0 0.000419837156144
129.0 0.000425496202246
130.0 0.00042603007452
131.0 0.000420477802872
132.0 0.000411615523126
133.0 0.000429019759254
134.0 0.000421438772965
135.0 0.000423894585425
136.0 0.000413323914403
137.0 0.000418876186051
138.0 0.00040520905584
139.0 0.00041439165895
140.0 0.000423894585425
141.0 0.000417808441503
142.0 0.000431582346168
143.0 0.000415139080134
144.0 0.00041706102032
145.0 0.000420157479508
146.0 0.000424962329972
147.0 0.000420371028417
148.0 0.000426777495703
149.0 0.000419410058324
150.0 0.000410654553034
151.0 0.000424962329972
152.0 0.000420477802872
153.0 0.000418876186051
154.0 0.000426884270158
155.0 0.000425389427791
156.0 0.000424214908789
157.0 0.000424748781063
158.0 0.000438309136818
159.0 0.000421438772965
160.0 0.000435533000994
161.0 0.000419623607234
162.0 0.000426457172339
163.0 0.000413003591038
164.0 0.000442580115009
165.0 0.000435853324359
166.0 0.000430407827165
167.0 0.000423894585425
168.0 0.000435533000994
169.0 0.000418876186051
170.0 0.000433931384173
171.0 0.000425496202246
172.0 0.00044193946828
173.0 0.000431582346168
174.0 0.000426136848975
175.0 0.000418021990413
176.0 0.000424748781063
177.0 0.000430087503801
178.0 0.000431795895077
179.0 0.000429233308163
180.0 0.000446530769835
181.0 0.000441085272642
182.0 0.000427524916887
183.0 0.000437027843361
184.0 0.000435746549904
185.0 0.00043969720473
186.0 0.000449200131204
187.0 0.000442686889464
188.0 0.000442259791645
189.0 0.000449840777933
190.0 0.000451869492574
191.0 0.0004513356203
192.0 0.000461692742412
193.0 0.000473437932437
194.0 0.000461799516867
195.0 0.000449734003478
196.0 0.000468099209698
197.0 0.00046254693805
198.0 0.000459130155498
199.0 0.000472690511253
200.0 0.000465429848329
201.0 0.000469273728701
202.0 0.00046500275051
203.0 0.000484862799097
204.0 0.000492764108749
205.0 0.000494365725571
206.0 0.000482620535546
207.0 0.000499063801581
208.0 0.000496714763576
209.0 0.000506858336779
210.0 0.000486891513737
211.0 0.000506110915595
212.0 0.000510381893786
213.0 0.000516788361072
214.0 0.000521379662627
215.0 0.00052661161091
216.0 0.000521059339263
217.0 0.000531416461375
218.0 0.000537502605297
219.0 0.000526077738637
220.0 0.000541026162304
221.0 0.000531202912465
222.0 0.000532804529287
223.0 0.000540171966666
224.0 0.000540599064485
225.0 0.000552771352328
226.0 0.000525543866363
227.0 0.000541560034578
228.0 0.000548713923047
229.0 0.000553411999057
230.0 0.000558003300612
231.0 0.000545083591585
232.0 0.000547966501864
233.0 0.000561953955438
234.0 0.000531736784739
235.0 0.000545083591585
236.0 0.00053355195047
237.0 0.000539638094392
238.0 0.000521059339263
239.0 0.000517322233346
240.0 0.000522660956084
241.0 0.000529814844553
242.0 0.000520952564808
243.0 0.000515613842069
244.0 0.000484756024642
245.0 0.000490415070744
246.0 0.000488706679468
247.0 0.000495326695664
248.0 0.000486784739282
249.0 0.000490842168564
250.0 0.000482727310001
251.0 0.000488493130559
252.0 0.000469166954246
253.0 0.00047642761717
254.0 0.000462333389141
255.0 0.000467565337424
256.0 0.000461265644593
257.0 0.000455499824036
258.0 0.000466177269512
259.0 0.000464575652691
260.0 0.00045827595986
261.0 0.000450161101297
262.0 0.000454218530578
263.0 0.0391552603076
264.0 0.000205220502062
265.0 0.000209277931343
266.0 0.000207249216703
267.0 0.000206608569974
268.0 0.000197639515774
269.0 0.000201803719509
270.0 0.00019464983104
271.0 0.000190912725123
272.0 0.000193582086492
273.0 0.000196144673407
274.0 0.000192300793035
275.0 0.000195397252223
276.0 0.000186641746933
277.0 0.000182691092106
278.0 0.0001926211164
279.0 0.00019016530394
280.0 0.000182370768742
281.0 0.000191766920761
282.0 0.000186428198023
283.0 0.00018098270083
284.0 0.000177459143823
285.0 0.000181730122013
286.0 0.00017628462482
287.0 0.000176071075911
288.0 0.000188456912664
289.0 0.000185574002385
290.0 0.000180875926375
291.0 0.000178313339461
292.0 0.000182157219832
293.0 0.000171159450991
294.0 0.000168810412987
295.0 0.00016731557062
296.0 0.000162510720155
297.0 0.000151619725769
298.0 0.000154395861593
299.0 0.00014649455194
300.0 0.000139020340107
301.0 0.000133361294004
302.0 0.000132613872821
303.0 0.000129090315813
304.0 0.00012364481862
305.0 0.000120334810522
306.0 0.000123751593075
307.0 0.000118199321427
308.0 0.000116811253515
309.0 0.000109443816136
310.0 0.000112540275324
311.0 0.000108589620498
312.0 0.000112647049779
313.0 0.000104852514581
314.0 0.000101542506483
315.0 9.44953924687e-05
316.0 9.38547457401e-05
317.0 8.93702186399e-05
318.0 8.90498952756e-05
319.0 8.17892323515e-05
320.0 9.00108653685e-05
321.0 8.28569768991e-05
322.0 8.48856915397e-05
323.0 7.94401943466e-05
324.0 7.2393080332e-05
325.0 7.49556672464e-05
326.0 7.24998547867e-05
327.0 7.47421183368e-05
328.0 7.24998547867e-05
329.0 7.5596313975e-05
330.0 7.22863058772e-05
331.0 7.31405015153e-05
332.0 6.86559744151e-05
333.0 6.15020859457e-05
334.0 6.5986613046e-05
335.0 6.1395311491e-05
336.0 6.24630560387e-05
337.0 6.53459663174e-05
338.0 6.1395311491e-05
339.0 5.8192077848e-05
340.0 6.01140180338e-05
341.0 5.5415942024e-05
342.0 5.48820697502e-05
343.0 5.50956186597e-05
344.0 5.69107843908e-05
345.0 5.65904610265e-05
346.0 5.30669040192e-05
347.0 5.37075507478e-05
348.0 4.95433470119e-05
349.0 4.94365725571e-05
350.0 4.81552790999e-05
351.0 4.62333389141e-05
352.0 4.24962329972e-05
353.0 4.60197900045e-05
354.0 4.78349557356e-05
355.0 4.5806241095e-05
356.0 4.22826840877e-05
357.0 4.59130155498e-05
358.0 4.73010834617e-05
359.0 4.53791432759e-05
360.0 4.18555862686e-05
361.0 4.37775264544e-05
362.0 4.14284884496e-05
363.0 4.37775264544e-05
364.0 3.99336460828e-05
365.0 3.92929993542e-05
366.0 3.92929993542e-05
367.0 3.77981569875e-05
368.0 3.6196540166e-05
369.0 4.24962329972e-05
370.0 3.86523526256e-05
371.0 4.15352629043e-05
372.0 3.92929993542e-05
373.0 3.85455781709e-05
374.0 3.84388037161e-05
375.0 3.91862248995e-05
376.0 4.05742928114e-05
377.0 3.85455781709e-05
378.0 3.88659015352e-05
379.0 3.8011705897e-05
380.0 3.89726759899e-05
381.0 3.96133227185e-05
382.0 3.84388037161e-05
383.0 3.9399773809e-05
384.0 3.74778336232e-05
385.0 3.69439613494e-05
386.0 3.28865320682e-05
387.0 3.65168635303e-05
388.0 3.49152467088e-05
389.0 3.82252548066e-05
390.0 4.03607439019e-05
391.0 3.54491189826e-05
392.0 3.53423445279e-05
393.0 3.4808472254e-05
394.0 3.43813744349e-05
395.0 3.43813744349e-05
396.0 3.86523526256e-05
397.0 3.9399773809e-05
398.0 3.51287956183e-05
399.0 3.66236379851e-05
400.0 3.64100890755e-05
401.0 4.06810672662e-05
402.0 3.2993306523e-05
403.0 3.45949233445e-05
404.0 3.39542766159e-05
405.0 4.05742928114e-05
406.0 3.77981569875e-05
407.0 3.53423445279e-05
408.0 4.00404205376e-05
409.0 3.52355700731e-05
410.0 3.87591270804e-05
411.0 3.82252548066e-05
412.0 3.76913825327e-05
413.0 4.02539694471e-05
414.0 4.04675183567e-05
415.0 4.06810672662e-05
416.0 4.02539694471e-05
417.0 3.97200971733e-05
418.0 4.02539694471e-05
419.0 3.87591270804e-05
420.0 0.000275478093299
421.0 3.41678255254e-05
422.0 3.45949233445e-05
423.0 3.81184803518e-05
424.0 3.55558934374e-05
425.0 3.96133227185e-05
426.0 3.51287956183e-05
427.0 3.84388037161e-05
428.0 3.71575102589e-05
429.0 3.86523526256e-05
430.0 3.91862248995e-05
431.0 4.32436541806e-05
432.0 3.99336460828e-05
433.0 4.30301052711e-05
434.0 3.7584608078e-05
435.0 4.14284884496e-05
436.0 4.0787841721e-05
437.0 4.45249476378e-05
438.0 4.21759096329e-05
439.0 4.73010834617e-05
440.0 3.92929993542e-05
441.0 4.32436541806e-05
442.0 4.60197900045e-05
443.0 4.56994666402e-05
444.0 4.22826840877e-05
445.0 4.7621406826e-05
446.0 4.40978498187e-05
447.0 4.63401133688e-05
448.0 4.62333389141e-05
449.0 5.01839937405e-05
450.0 4.86891513737e-05
451.0 5.30669040192e-05
452.0 5.09314149238e-05
453.0 5.53091675693e-05
454.0 5.26398062001e-05
455.0 5.45617463859e-05
456.0 5.26398062001e-05
457.0 5.52023931145e-05
458.0 5.34940018382e-05
459.0 5.66972354812e-05
460.0 5.62701376622e-05
461.0 5.74446566646e-05
462.0 6.03275669433e-05
463.0 6.05411158528e-05
464.0 6.41714473149e-05
465.0 5.87259501218e-05
466.0 5.74446566646e-05
467.0 6.182240931e-05
468.0 6.7801778777e-05
469.0 6.5986613046e-05
470.0 7.04711401462e-05
471.0 6.53459663174e-05
472.0 7.03643656914e-05
473.0 6.97237189628e-05
474.0 6.60933875007e-05
475.0 7.29269526058e-05
476.0 7.34608248796e-05
477.0 7.66640585227e-05
478.0 7.75182541608e-05
479.0 7.71979307965e-05
480.0 7.94401943466e-05
481.0 8.3390849173e-05
482.0 7.92266454371e-05
483.0 8.18960068062e-05
484.0 8.15756834419e-05
485.0 8.55263382683e-05
486.0 7.8799547618e-05
487.0 8.59534360874e-05
488.0 8.71279550898e-05
489.0 9.1185384371e-05
490.0 7.60234117941e-05
491.0 8.2002781261e-05
492.0 8.34976236277e-05
493.0 8.73415039993e-05
494.0 8.57398871778e-05
495.0 8.63805339064e-05
496.0 8.59534360874e-05
497.0 8.37111725373e-05
498.0 8.16824578967e-05
499.0 8.57398871778e-05
500.0 8.40314959016e-05
501.0 8.40314959016e-05
502.0 8.2002781261e-05
503.0 8.16824578967e-05
504.0 7.95469688014e-05
505.0 7.26066292415e-05
506.0 7.03643656914e-05
507.0 7.14321102391e-05
508.0 6.87627488699e-05
509.0 7.22863058772e-05
510.0 6.55595152269e-05
511.0 6.5986613046e-05
512.0 6.53459663174e-05
513.0 6.68408086841e-05
514.0 5.80853033932e-05
515.0 6.17156348553e-05
516.0 5.5415942024e-05
517.0 5.56294909336e-05
518.0 5.18923850167e-05
519.0 5.3600776293e-05
520.0 5.55227164788e-05
521.0 5.18923850167e-05
522.0 5.09314149238e-05
523.0 4.98636703762e-05
524.0 5.10381893786e-05
525.0 6.38511239506e-05
526.0 7.51692161559e-05
527.0 7.16456591486e-05
528.0 6.67340342293e-05
529.0 6.81221021413e-05
530.0 6.92966211437e-05
531.0 6.65204853198e-05
532.0 6.43849962245e-05
533.0 6.15020859457e-05
534.0 6.73746809579e-05
535.0 6.40646728602e-05
536.0 6.04343413981e-05
537.0 6.02207924885e-05
538.0 6.48120940435e-05
539.0 5.62701376622e-05
540.0 6.04343413981e-05
541.0 5.90462734861e-05
542.0 5.64836865717e-05
543.0 5.1785610562e-05
544.0 5.60565887526e-05
545.0 5.039754265e-05
546.0 5.66972354812e-05
547.0 5.15720616524e-05
548.0 5.39210996573e-05
549.0 5.27465806549e-05
550.0 4.61265644593e-05
551.0 5.14652871977e-05
552.0 4.82620535546e-05
553.0 4.56994666402e-05
554.0 4.7194309007e-05
555.0 4.7621406826e-05
556.0 4.73010834617e-05
557.0 4.61265644593e-05
558.0 4.15352629043e-05
559.0 4.91162491928e-05
560.0 4.47384965473e-05
561.0 4.42046242735e-05
562.0 4.32436541806e-05
563.0 4.34572030901e-05
564.0 3.86523526256e-05
565.0 4.10013906305e-05
566.0 4.02539694471e-05
567.0 4.24962329972e-05
568.0 3.64100890755e-05
569.0 3.8011705897e-05
570.0 4.11081650853e-05
571.0 4.23894585425e-05
572.0 3.8011705897e-05
573.0 3.66236379851e-05
574.0 3.57694423469e-05
575.0 3.66236379851e-05
576.0 3.6196540166e-05
577.0 3.79049314423e-05
578.0 3.39542766159e-05
579.0 3.86523526256e-05
580.0 3.53423445279e-05
581.0 3.76913825327e-05
582.0 3.39542766159e-05
583.0 3.04307196086e-05
584.0 3.18187875205e-05
585.0 3.23526597944e-05
586.0 3.3420404342e-05
587.0 2.95765239704e-05
588.0 3.04307196086e-05
589.0 3.32068554325e-05
590.0 3.37407277063e-05
591.0 3.08578174276e-05
592.0 3.12849152467e-05
593.0 3.06442685181e-05
594.0 2.88291027871e-05
595.0 2.81884560585e-05
596.0 3.05374940633e-05
597.0 3.13916897015e-05
598.0 2.6586839237e-05
599.0 3.11781407919e-05
600.0 2.86155538775e-05
601.0 2.979007288e-05
602.0 3.03239451538e-05
603.0 2.69071626013e-05
604.0 2.77613582394e-05
605.0 2.979007288e-05
606.0 2.59461925084e-05
607.0 2.77613582394e-05
608.0 2.95765239704e-05
609.0 2.89358772418e-05
610.0 2.55190946893e-05
611.0 2.75478093299e-05
612.0 2.66936136917e-05
613.0 2.78681326942e-05
614.0 2.49852224155e-05
615.0 2.34903800487e-05
616.0 2.76545837846e-05
617.0 2.80816816037e-05
618.0 2.71207115108e-05
619.0 2.47716735059e-05
620.0 2.66936136917e-05
621.0 2.35971545035e-05
622.0 2.58394180536e-05
623.0 2.58394180536e-05
624.0 2.59461925084e-05
625.0 2.59461925084e-05
626.0 2.58394180536e-05
627.0 2.979007288e-05
628.0 2.58394180536e-05
629.0 2.58394180536e-05
630.0 2.35971545035e-05
631.0 2.86155538775e-05
632.0 2.58394180536e-05
633.0 2.34903800487e-05
634.0 2.61597414179e-05
635.0 2.42378012321e-05
636.0 2.63732903274e-05
637.0 2.21023121368e-05
638.0 2.53055457798e-05
639.0 2.90426516966e-05
640.0 2.6586839237e-05
641.0 2.69071626013e-05
642.0 2.96832984252e-05
643.0 2.63732903274e-05
644.0 2.64800647822e-05
645.0 2.75478093299e-05
646.0 2.37039289583e-05
647.0 2.59461925084e-05
648.0 2.92562006061e-05
649.0 2.45581245964e-05
650.0 2.62665158727e-05
651.0 2.61597414179e-05
652.0 2.77613582394e-05
653.0 3.06442685181e-05
654.0 2.57326435988e-05
655.0 2.64800647822e-05
656.0 2.7013937056e-05
657.0 2.46648990512e-05
658.0 2.95765239704e-05
659.0 2.94697495157e-05
660.0 2.62665158727e-05
661.0 2.80816816037e-05
662.0 2.73342604203e-05
663.0 2.54123202345e-05
664.0 2.86155538775e-05
665.0 2.76545837846e-05
666.0 2.79749071489e-05
667.0 2.94697495157e-05
668.0 2.63732903274e-05
669.0 2.57326435988e-05
670.0 2.98968473347e-05
671.0 3.05374940633e-05
672.0 2.72274859656e-05
673.0 2.77613582394e-05
674.0 3.04307196086e-05
675.0 2.91494261514e-05
676.0 3.06442685181e-05
677.0 2.92562006061e-05
678.0 3.05374940633e-05
679.0 2.92562006061e-05
680.0 2.98968473347e-05
681.0 3.13916897015e-05
682.0 2.71207115108e-05
683.0 2.96832984252e-05
684.0 3.00036217895e-05
685.0 2.94697495157e-05
686.0 3.23526597944e-05
687.0 2.91494261514e-05
688.0 3.2993306523e-05
689.0 2.88291027871e-05
690.0 3.26729831587e-05
691.0 3.37407277063e-05
692.0 3.18187875205e-05
693.0 3.32068554325e-05
694.0 3.56626678922e-05
695.0 3.37407277063e-05
696.0 3.52355700731e-05
697.0 3.32068554325e-05
698.0 3.43813744349e-05
699.0 3.81184803518e-05
700.0 3.57694423469e-05
701.0 3.44881488897e-05
702.0 3.4808472254e-05
703.0 3.7584608078e-05
704.0 3.54491189826e-05
705.0 3.74778336232e-05
706.0 3.85455781709e-05
707.0 3.88659015352e-05
708.0 3.72642847137e-05
709.0 3.69439613494e-05
710.0 3.77981569875e-05
711.0 3.88659015352e-05
712.0 3.87591270804e-05
713.0 3.82252548066e-05
714.0 3.86523526256e-05
715.0 4.40978498187e-05
716.0 3.9399773809e-05
717.0 3.97200971733e-05
718.0 4.35639775449e-05
719.0 4.30301052711e-05
720.0 4.18555862686e-05
721.0 3.53423445279e-05
722.0 4.42046242735e-05
723.0 4.45249476378e-05
724.0 4.05742928114e-05
725.0 4.23894585425e-05
726.0 4.62333389141e-05
727.0 4.121493954e-05
728.0 4.42046242735e-05
729.0 4.61265644593e-05
730.0 4.30301052711e-05
731.0 4.61265644593e-05
732.0 4.77281812808e-05
733.0 4.87959258285e-05
734.0 4.62333389141e-05
735.0 4.82620535546e-05
736.0 4.37775264544e-05
737.0 4.93297981023e-05
738.0 5.11449638334e-05
739.0 5.31736784739e-05
740.0 5.13585127429e-05
741.0 5.19991594715e-05
742.0 5.12517382881e-05
743.0 5.30669040192e-05
744.0 5.41346485668e-05
745.0 4.81552790999e-05
746.0 5.38143252025e-05
747.0 5.85124012123e-05
748.0 5.41346485668e-05
749.0 5.37075507478e-05
750.0 5.62701376622e-05
751.0 5.56294909336e-05
752.0 5.50956186597e-05
753.0 5.8619175667e-05
754.0 5.56294909336e-05
755.0 6.07546647624e-05
756.0 6.16088604005e-05
757.0 6.16088604005e-05
758.0 6.09682136719e-05
759.0 6.1395311491e-05
760.0 5.69107843908e-05
761.0 6.20359582196e-05
762.0 5.55227164788e-05
763.0 6.2783379403e-05
764.0 6.21427326743e-05
765.0 6.34240261316e-05
766.0 6.33172516768e-05
767.0 6.42782217697e-05
768.0 6.36375750411e-05
769.0 6.182240931e-05
770.0 6.23562815839e-05
771.0 6.23562815839e-05
772.0 6.28901538577e-05
773.0 5.89394990313e-05
774.0 6.63069364103e-05
775.0 6.53459663174e-05
776.0 6.47053195888e-05
777.0 6.02207924885e-05
778.0 6.55595152269e-05
779.0 6.66272597746e-05
780.0 6.16088604005e-05
781.0 6.37443494959e-05
782.0 6.50256429531e-05
783.0 5.99004691242e-05
784.0 6.51324174078e-05
785.0 6.10749881267e-05
786.0 6.43849962245e-05
787.0 7.46353438821e-05
788.0 8.44585937206e-05
789.0 9.04379631876e-05
790.0 7.76250286156e-05
791.0 8.71279550898e-05
792.0 8.04011644395e-05
793.0 7.97605177109e-05
794.0 7.96537432561e-05
795.0 7.52759906107e-05
796.0 7.65572840679e-05
797.0 8.00808410752e-05
798.0 8.07214878038e-05
799.0 7.18592080581e-05
800.0 6.88695233247e-05
801.0 7.41014716082e-05
802.0 6.99372678723e-05
803.0 7.14321102391e-05
804.0 7.18592080581e-05
805.0 7.36743737892e-05
806.0 7.16456591486e-05
807.0 7.06846890557e-05
808.0 6.76950043222e-05
809.0 6.63069364103e-05
810.0 6.81221021413e-05
811.0 6.68408086841e-05
812.0 6.5986613046e-05
813.0 6.10749881267e-05
814.0 6.49188684983e-05
815.0 6.72679065032e-05
816.0 6.35308005863e-05
817.0 6.40646728602e-05
818.0 6.33172516768e-05
819.0 6.22495071291e-05
820.0 6.76950043222e-05
821.0 6.69475831389e-05
822.0 6.87627488699e-05
823.0 6.47053195888e-05
824.0 6.08614392171e-05
825.0 6.20359582196e-05
826.0 6.06478903076e-05
827.0 6.34240261316e-05
828.0 5.84056267575e-05
829.0 6.54527407721e-05
830.0 5.91530479409e-05
831.0 6.05411158528e-05
832.0 5.93665968504e-05
833.0 5.92598223956e-05
834.0 5.69107843908e-05
835.0 5.59498142979e-05
836.0 6.06478903076e-05
837.0 5.8619175667e-05
838.0 6.12885370362e-05
839.0 5.78717544837e-05
840.0 5.69107843908e-05
841.0 5.97936946695e-05
842.0 5.99004691242e-05
843.0 5.45617463859e-05
844.0 6.23562815839e-05
845.0 6.2783379403e-05
846.0 6.29969283125e-05
847.0 5.90462734861e-05
848.0 5.91530479409e-05
849.0 5.61633632074e-05
850.0 5.90462734861e-05
851.0 5.72311077551e-05
852.0 5.58430398431e-05
853.0 5.62701376622e-05
854.0 5.63769121169e-05
855.0 5.55227164788e-05
856.0 5.71243333003e-05
857.0 5.4988844205e-05
858.0 5.78717544837e-05
859.0 5.82988523027e-05
860.0 4.86891513737e-05
861.0 5.72311077551e-05
862.0 5.96869202147e-05
863.0 5.06110915595e-05
864.0 5.66972354812e-05
865.0 5.34940018382e-05
866.0 5.3600776293e-05
867.0 5.47752952954e-05
868.0 5.039754265e-05
869.0 5.61633632074e-05
870.0 5.58430398431e-05
871.0 4.97568959214e-05
872.0 5.47752952954e-05
873.0 5.33872273835e-05
874.0 5.24262572906e-05
875.0 5.08246404691e-05
876.0 4.83688280094e-05
877.0 4.8582376919e-05
878.0 4.87959258285e-05
879.0 4.67672111879e-05
880.0 4.77281812808e-05
881.0 5.02907681952e-05
882.0 5.34940018382e-05
883.0 4.99704448309e-05
884.0 4.73010834617e-05
885.0 4.45249476378e-05
886.0 4.61265644593e-05
887.0 4.98636703762e-05
888.0 4.79417301903e-05
889.0 4.75146323713e-05
890.0 4.73010834617e-05
891.0 4.4418173183e-05
892.0 4.38843009092e-05
893.0 4.74078579165e-05
894.0 4.64468878236e-05
895.0 4.34572030901e-05
896.0 4.60197900045e-05
897.0 4.7194309007e-05
898.0 4.27097819068e-05
899.0 4.47384965473e-05
900.0 4.2603007452e-05
901.0 4.43113987283e-05
902.0 4.64468878236e-05
903.0 3.99336460828e-05
904.0 4.53791432759e-05
905.0 4.73010834617e-05
906.0 4.22826840877e-05
907.0 4.43113987283e-05
908.0 4.45249476378e-05
909.0 4.46317220926e-05
910.0 3.89726759899e-05
911.0 4.47384965473e-05
912.0 4.17488118139e-05
913.0 3.98268716281e-05
914.0 4.49520454569e-05
915.0 4.14284884496e-05
916.0 3.8011705897e-05
917.0 4.14284884496e-05
918.0 3.79049314423e-05
919.0 4.27097819068e-05
920.0 4.04675183567e-05
921.0 4.27097819068e-05
922.0 3.9399773809e-05
923.0 4.06810672662e-05
924.0 3.97200971733e-05
925.0 4.54859177307e-05
926.0 3.76913825327e-05
927.0 3.71575102589e-05
928.0 3.91862248995e-05
929.0 4.20691351782e-05
930.0 4.48452710021e-05
931.0 3.77981569875e-05
932.0 3.95065482638e-05
933.0 4.18555862686e-05
934.0 4.06810672662e-05
935.0 4.22826840877e-05
936.0 4.45249476378e-05
937.0 4.04675183567e-05
938.0 3.97200971733e-05
939.0 4.04675183567e-05
940.0 4.30301052711e-05
941.0 4.81552790999e-05
942.0 4.03607439019e-05
943.0 4.00404205376e-05
944.0 3.83320292613e-05
945.0 4.08946161757e-05
946.0 4.01471949924e-05
947.0 3.9399773809e-05
948.0 4.28165563615e-05
949.0 4.46317220926e-05
950.0 4.22826840877e-05
951.0 4.18555862686e-05
952.0 4.19623607234e-05
953.0 4.15352629043e-05
954.0 4.11081650853e-05
955.0 3.99336460828e-05
956.0 4.33504286354e-05
957.0 4.31368797258e-05
958.0 3.90794504447e-05
959.0 4.34572030901e-05
960.0 3.9399773809e-05
961.0 3.98268716281e-05
962.0 3.97200971733e-05
963.0 4.51655943664e-05
964.0 4.18555862686e-05
965.0 4.49520454569e-05
966.0 4.02539694471e-05
967.0 4.27097819068e-05
968.0 4.03607439019e-05
969.0 4.21759096329e-05
970.0 4.29233308163e-05
971.0 4.05742928114e-05
972.0 4.32436541806e-05
973.0 4.54859177307e-05
974.0 4.42046242735e-05
975.0 4.62333389141e-05
976.0 3.81184803518e-05
977.0 4.28165563615e-05
978.0 4.05742928114e-05
979.0 3.98268716281e-05
980.0 4.45249476378e-05
981.0 4.27097819068e-05
982.0 4.69807600974e-05
983.0 4.35639775449e-05
984.0 4.33504286354e-05
985.0 4.28165563615e-05
986.0 4.4418173183e-05
987.0 4.20691351782e-05
988.0 4.74078579165e-05
989.0 4.32436541806e-05
990.0 4.46317220926e-05
991.0 4.79417301903e-05
992.0 4.45249476378e-05
993.0 4.50588199116e-05
994.0 4.67672111879e-05
995.0 4.02539694471e-05
996.0 4.81552790999e-05
997.0 4.62333389141e-05
998.0 5.21059339263e-05
999.0 5.07178660143e-05
1000.0 4.66604367331e-05
1001.0 5.01839937405e-05
1002.0 4.9009474738e-05
1003.0 4.64468878236e-05
1004.0 5.26398062001e-05
1005.0 4.73010834617e-05
1006.0 4.66604367331e-05
1007.0 4.75146323713e-05
1008.0 4.62333389141e-05
1009.0 4.66604367331e-05
1010.0 5.39210996573e-05
1011.0 4.92230236476e-05
1012.0 4.95433470119e-05
1013.0 4.81552790999e-05
1014.0 5.039754265e-05
1015.0 4.67672111879e-05
1016.0 5.08246404691e-05
1017.0 4.70875345522e-05
1018.0 4.86891513737e-05
1019.0 5.2212708381e-05
1020.0 5.28533551096e-05
1021.0 4.5806241095e-05
1022.0 5.05043171048e-05
1023.0 5.11449638334e-05
1024.0 4.97568959214e-05
1025.0 4.83688280094e-05
1026.0 4.92230236476e-05
1027.0 5.47752952954e-05
1028.0 4.95433470119e-05
1029.0 5.38143252025e-05
1030.0 5.039754265e-05
1031.0 5.30669040192e-05
1032.0 5.5415942024e-05
1033.0 5.56294909336e-05
1034.0 5.05043171048e-05
1035.0 5.82988523027e-05
1036.0 5.44549719311e-05
1037.0 5.92598223956e-05
1038.0 5.4988844205e-05
1039.0 6.0007243579e-05
1040.0 5.65904610265e-05
1041.0 5.65904610265e-05
1042.0 5.99004691242e-05
1043.0 5.4988844205e-05
1044.0 5.53091675693e-05
1045.0 6.04343413981e-05
1046.0 5.56294909336e-05
1047.0 6.08614392171e-05
1048.0 5.90462734861e-05
1049.0 6.95101700533e-05
1050.0 7.47421183368e-05
1051.0 7.51692161559e-05
1052.0 7.37811482439e-05
1053.0 8.0614713349e-05
1054.0 7.39946971535e-05
1055.0 7.83724497989e-05
1056.0 8.2002781261e-05
1057.0 7.79453519799e-05
1058.0 8.46721426302e-05
1059.0 8.3390849173e-05
1060.0 7.76250286156e-05
1061.0 7.93334198918e-05
1062.0 7.97605177109e-05
1063.0 8.50992404492e-05
1064.0 8.43518192659e-05
1065.0 8.58466616326e-05
1066.0 8.73415039993e-05
1067.0 9.01176398233e-05
1068.0 8.41382703563e-05
1069.0 8.5206014904e-05
1070.0 8.63805339064e-05
1071.0 9.27870011925e-05
1072.0 8.81956996375e-05
1073.0 9.18260310996e-05
1074.0 9.07582865519e-05
1075.0 9.33208734663e-05
1076.0 9.82324983856e-05
1077.0 8.91566697304e-05
1078.0 8.32840747182e-05
1079.0 8.96905420042e-05
1080.0 9.20395800091e-05
1081.0 9.70579793831e-05
1082.0 9.28937756472e-05
1083.0 9.25734522829e-05
1084.0 9.33208734663e-05
1085.0 0.000102076378757
1086.0 9.65241071093e-05
1087.0 9.86595962046e-05
1088.0 0.000101115408664
1089.0 9.79121750213e-05
1090.0 9.82324983856e-05
1091.0 0.000101756055393
1092.0 0.000105706710219
1093.0 0.000108589620498
1094.0 0.000102183153212
1095.0 0.00010100863421
1096.0 0.000102930574395
1097.0 0.000105706710219
1098.0 0.000106454131403
1099.0 0.000108589620498
1100.0 0.000112540275324
1101.0 0.000112006403051
1102.0 0.000117238351334
1103.0 0.000111152207412
1104.0 0.000112860598689
1105.0 0.000112113177505
1106.0 0.000113501245417
1107.0 0.000117985772517
1108.0 0.000114355441055
1109.0 0.000114996087784
1110.0 0.000119373840429
1111.0 0.000120441584977
1112.0 0.000121082231706
1113.0 0.000121829652889
1114.0 0.000117985772517
1115.0 0.000125993856625
1116.0 0.000117558674698
1117.0 0.00012610063108
1118.0 0.000123431269711
1119.0 0.000131439353818
1120.0 0.000130051285906
1121.0 0.000131225804909
1122.0 0.000130264834816
1123.0 0.000129090315813
1124.0 0.000134535813006
1125.0 0.000140088084654
1126.0 0.000134215489642
1127.0 0.000140301633564
1128.0 0.000137418723285
1129.0 0.000140194859109
1130.0 0.000147989394307
1131.0 0.000149377462219
1132.0 0.00014201002484
1133.0 0.000142757446023
1134.0 0.000143611641662
1135.0 0.000140942280292
1136.0 0.000146601326395
1137.0 0.000142650671569
1138.0 0.000146387777485
1139.0 0.00014873681549
1140.0 0.000158026193055
1141.0 0.00015119262795
1142.0 0.000148523266581
1143.0 0.000162724269065
1144.0 0.000153007793681
1145.0 0.000155463606141
1146.0 0.000162937817974
1147.0 0.000161549750062
1148.0 0.000165286855979
1149.0 0.000167529119529
1150.0 0.000166674923891
1151.0 0.000172333969994
1152.0 0.000173401714541
1153.0 0.000172547518903
1154.0 0.000174149135725
1155.0 0.000168917187441
1156.0 0.000170625578718
1157.0 0.000178313339461
1158.0 0.000177672692732
1159.0 0.000172867842268
1160.0 0.000183118189925
1161.0 0.000190272078395
1162.0 0.000189524657211
1163.0 0.000186107874659
1164.0 0.000180342054101
1165.0 0.000185253679021
1166.0 0.000186107874659
1167.0 0.000182370768742
1168.0 0.000180875926375
1169.0 0.00017874043728
1170.0 0.000181836896468
1171.0 0.00019240756749
1172.0 0.000195290477769
1173.0 0.000192514341945
1174.0 0.000191339822942
1175.0 0.000188990784937
1176.0 0.00018995175503
1177.0 0.000185146904566
1178.0 0.000191766920761
1179.0 0.000195504026678
1180.0 0.000187816265935
1181.0 0.000189417882757
1182.0 0.000188670461573
1183.0 0.000190912725123
1184.0 0.000194970154404
1185.0 0.000189631431666
1186.0 0.00018568077684
1187.0 0.000192727890854
1188.0 0.000190272078395
1189.0 0.000193688860947
1190.0 0.000189631431666
1191.0 0.000186107874659
1192.0 0.000186534972478
1193.0 0.000185787551294
1194.0 0.000184292708928
1195.0 0.000186321423568
1196.0 0.000185787551294
1197.0 0.000179274309554
1198.0 0.000185360453475
1199.0 0.000187816265935
1200.0 0.000180342054101
1201.0 0.000185040130111
1202.0 0.000174469459089
1203.0 0.00018343851329
1204.0 0.00017649817373
1205.0 0.000182584317651
1206.0 0.000181089475285
1207.0 0.000178847211735
1208.0 0.000167529119529
1209.0 0.00016934428526
1210.0 0.000164752983705
1211.0 0.000173401714541
1212.0 0.000160909103334
1213.0 0.000158773614238
1214.0 0.000163044592429
1215.0 0.000163364915793
1216.0 0.000163792013612
1217.0 0.000161549750062
1218.0 0.000154289087138
1219.0 0.000156958448507
1220.0 0.000151619725769
1221.0 0.00015119262795
1222.0 0.000147989394307
1223.0 0.000147775845397
1224.0 0.00014649455194
1225.0 0.00013976776129
1226.0 0.000154395861593
1227.0 0.000137205174375
1228.0 0.000136350978737
1229.0 0.000133147745094
1230.0 0.000132934196185
1231.0 0.000130264834816
1232.0 0.000133254519549
1233.0 0.000131012255999
1234.0 0.000130691932635
1235.0 0.000132186775001
1236.0 0.000130051285906
1237.0 0.000127809022356
1238.0 0.000120655133887
1239.0 0.000121722878434
1240.0 0.000124178690894
1241.0 0.000122790622982
1242.0 0.000120441584977
1243.0 0.000118519644791
1244.0 0.000121936427344
1245.0 0.000121509329525
1246.0 0.000115957057877
1247.0 0.000119907712703
1248.0 0.000117772223608
1249.0 0.000118839968156
1250.0 0.000122256750708
1251.0 0.000113608019872
1252.0 0.000112006403051
1253.0 0.0001097641395
1254.0 0.000105172837945
1255.0 0.000110938658503
1256.0 0.00011221995196
1257.0 0.000106133808038
1258.0 9.95137918428e-05
1259.0 0.000102076378757
1260.0 0.000101649280938
1261.0 0.000103998318943
1262.0 9.85528217499e-05
1263.0 0.000100261213026
1264.0 9.88731451142e-05
1265.0 9.50292647426e-05
1266.0 0.000101862829848
1267.0 9.54563625616e-05
1268.0 9.71647538379e-05
1269.0 9.65241071093e-05
1270.0 9.47089413783e-05
1271.0 8.93702186399e-05
1272.0 9.93002429332e-05
1273.0 9.23599033734e-05
1274.0 8.6594082816e-05
1275.0 9.06515120971e-05
1276.0 8.94769930947e-05
1277.0 8.5206014904e-05
1278.0 9.09718354614e-05
1279.0 9.76986261117e-05
1280.0 8.87295719113e-05
1281.0 8.3817946992e-05
1282.0 7.99740666204e-05
1283.0 8.56331127231e-05
1284.0 8.23231046253e-05
1285.0 8.90498952756e-05
1286.0 8.32840747182e-05
1287.0 8.18960068062e-05
1288.0 8.07214878038e-05
1289.0 8.23231046253e-05
1290.0 8.54195638135e-05
1291.0 8.05079388943e-05
1292.0 8.23231046253e-05
1293.0 7.8799547618e-05
1294.0 7.98672921657e-05
1295.0 7.27134036963e-05
1296.0 7.98672921657e-05
1297.0 7.54895395202e-05
1298.0 7.100501242e-05
1299.0 7.52759906107e-05
1300.0 7.27134036963e-05
1301.0 7.34608248796e-05
1302.0 7.06846890557e-05
1303.0 7.66640585227e-05
1304.0 6.85491999604e-05
1305.0 7.11117868748e-05
1306.0 7.29269526058e-05
1307.0 7.07914635105e-05
1308.0 7.00440423271e-05
1309.0 6.48120940435e-05
1310.0 7.02575912366e-05
1311.0 5.2212708381e-05
1312.0 2.75478093299e-05
1313.0 3.22458853396e-05
1314.0 2.76545837846e-05
1315.0 3.21391108848e-05
1316.0 2.94697495157e-05
1317.0 2.62665158727e-05
1318.0 3.11781407919e-05
1319.0 3.06442685181e-05
1320.0 2.89358772418e-05
1321.0 2.58394180536e-05
1322.0 2.88291027871e-05
1323.0 2.80816816037e-05
1324.0 2.79749071489e-05
1325.0 2.91494261514e-05
1326.0 2.68003881465e-05
1327.0 2.40242523226e-05
1328.0 2.44513501416e-05
1329.0 2.64800647822e-05
1330.0 2.49852224155e-05
1331.0 2.63732903274e-05
1332.0 2.7013937056e-05
1333.0 2.43445756869e-05
1334.0 2.45581245964e-05
1335.0 2.57326435988e-05
1336.0 2.26361844106e-05
1337.0 2.45581245964e-05
1338.0 2.25294099558e-05
1339.0 2.26361844106e-05
1340.0 2.43445756869e-05
1341.0 2.72274859656e-05
1342.0 2.31700566844e-05
1343.0 2.26361844106e-05
1344.0 2.24226355011e-05
1345.0 2.22090865915e-05
1346.0 2.11413420439e-05
1347.0 2.17819887725e-05
1348.0 2.27429588654e-05
1349.0 1.80448828556e-05
1350.0 2.09277931343e-05
1351.0 2.09277931343e-05
1352.0 2.09277931343e-05
1353.0 1.95397252223e-05
1354.0 2.14616654082e-05
1355.0 2.01803719509e-05
1356.0 1.91126274033e-05
1357.0 2.03939208605e-05
1358.0 1.75110105818e-05
1359.0 2.07142442248e-05
1360.0 2.15684398629e-05
1361.0 1.98600485866e-05
1362.0 2.00735974962e-05
1363.0 1.86855295842e-05
1364.0 1.95397252223e-05
1365.0 1.67635893984e-05
1366.0 1.80448828556e-05
1367.0 1.88990784937e-05
1368.0 2.01803719509e-05
1369.0 1.75110105818e-05
1370.0 1.65500404889e-05
1371.0 1.91126274033e-05
1372.0 1.79381084008e-05
1373.0 1.88990784937e-05
1374.0 1.7404236127e-05
1375.0 1.99668230414e-05
1376.0 1.88990784937e-05
1377.0 1.7404236127e-05
1378.0 1.76177850365e-05
1379.0 1.71906872175e-05
1380.0 1.6016168215e-05
1381.0 1.68703638532e-05
1382.0 1.58026193055e-05
1383.0 1.61229426698e-05
1384.0 1.36671302102e-05
1385.0 1.65500404889e-05
1386.0 1.63364915793e-05
1387.0 1.56958448507e-05
1388.0 1.38806791197e-05
1389.0 1.40942280292e-05
1390.0 1.39874535745e-05
1391.0 1.46281003031e-05
1392.0 1.43077769388e-05
1393.0 1.7404236127e-05
1394.0 1.39874535745e-05
1395.0 1.40942280292e-05
1396.0 1.50551981221e-05
1397.0 1.35603557554e-05
1398.0 1.34535813006e-05
1399.0 1.35603557554e-05
1400.0 1.5589070396e-05
1401.0 1.46281003031e-05
1402.0 1.62297171246e-05
1403.0 1.50551981221e-05
1404.0 1.37739046649e-05
1405.0 1.24926112077e-05
1406.0 1.39874535745e-05
1407.0 1.0997768841e-05
1408.0 1.32400323911e-05
1409.0 1.63364915793e-05
1410.0 1.02503476576e-05
1411.0 1.20655133887e-05
1412.0 1.12113177505e-05
1413.0 1.37739046649e-05
1414.0 1.30264834816e-05
1415.0 1.14248666601e-05
1416.0 1.11045432958e-05
1417.0 1.37739046649e-05
1418.0 1.24926112077e-05
1419.0 1.16384155696e-05
1420.0 1.17451900244e-05
1421.0 1.11045432958e-05
1422.0 1.32400323911e-05
1423.0 1.19587389339e-05
1424.0 1.01435732029e-05
1425.0 1.25993856625e-05
1426.0 1.07842199315e-05
1427.0 1.03571221124e-05
1428.0 1.18519644791e-05
1429.0 1.08909943862e-05
1430.0 1.05706710219e-05
1431.0 1.11045432958e-05
1432.0 1.17451900244e-05
1433.0 1.0997768841e-05
1434.0 8.54195638135e-06
1435.0 1.07842199315e-05
1436.0 1.03571221124e-05
1437.0 1.17451900244e-05
1438.0 1.00367987481e-05
1439.0 1.05706710219e-05
1440.0 1.16384155696e-05
1441.0 1.00367987481e-05
1442.0 9.07582865519e-06
1443.0 9.82324983856e-06
1444.0 9.07582865519e-06
1445.0 1.13180922053e-05
1446.0 8.64873083612e-06
1447.0 8.86227974565e-06
1448.0 9.28937756472e-06
1449.0 9.07582865519e-06
1450.0 1.00367987481e-05
1451.0 8.43518192659e-06
1452.0 9.28937756472e-06
1453.0 9.82324983856e-06
1454.0 8.43518192659e-06
1455.0 8.96905420042e-06
1456.0 9.07582865519e-06
1457.0 8.00808410752e-06
1458.0 8.96905420042e-06
1459.0 8.96905420042e-06
1460.0 7.90130965275e-06
1461.0 8.96905420042e-06
1462.0 1.02503476576e-05
1463.0 8.22163301705e-06
1464.0 8.64873083612e-06
1465.0 6.83356510508e-06
1466.0 7.04711401462e-06
1467.0 7.47421183368e-06
1468.0 9.50292647426e-06
1469.0 8.43518192659e-06
1470.0 8.32840747182e-06
1471.0 6.83356510508e-06
1472.0 8.11485856229e-06
1473.0 7.15388846938e-06
1474.0 7.90130965275e-06
1475.0 8.64873083612e-06
1476.0 8.43518192659e-06
1477.0 9.39615201949e-06
1478.0 8.54195638135e-06
1479.0 7.68776074322e-06
1480.0 8.11485856229e-06
1481.0 6.72679065032e-06
1482.0 8.00808410752e-06
1483.0 8.54195638135e-06
1484.0 7.90130965275e-06
1485.0 7.47421183368e-06
1486.0 6.72679065032e-06
1487.0 8.22163301705e-06
1488.0 6.83356510508e-06
1489.0 5.65904610265e-06
1490.0 7.79453519799e-06
1491.0 6.72679065032e-06
1492.0 8.22163301705e-06
1493.0 6.51324174078e-06
1494.0 6.72679065032e-06
1495.0 6.29969283125e-06
1496.0 6.62001619555e-06
1497.0 5.76582055741e-06
1498.0 7.04711401462e-06
1499.0 6.94033955985e-06
1500.0 5.01839937405e-06
1501.0 5.01839937405e-06
1502.0 6.62001619555e-06
1503.0 7.58098628845e-06
1504.0 6.83356510508e-06
1505.0 6.40646728602e-06
1506.0 6.51324174078e-06
1507.0 5.76582055741e-06
1508.0 6.72679065032e-06
1509.0 6.08614392171e-06
1510.0 8.11485856229e-06
1511.0 5.76582055741e-06
1512.0 6.51324174078e-06
1513.0 4.59130155498e-06
1514.0 5.55227164788e-06
1515.0 5.97936946695e-06
1516.0 5.12517382881e-06
1517.0 5.12517382881e-06
1518.0 4.59130155498e-06
1519.0 5.12517382881e-06
1520.0 5.65904610265e-06
1521.0 5.44549719311e-06
1522.0 4.80485046451e-06
1523.0 4.37775264544e-06
1524.0 5.87259501218e-06
1525.0 5.87259501218e-06
1526.0 5.55227164788e-06
1527.0 5.01839937405e-06
1528.0 6.29969283125e-06
1529.0 5.01839937405e-06
1530.0 6.51324174078e-06
1531.0 5.01839937405e-06
1532.0 5.55227164788e-06
1533.0 5.33872273835e-06
1534.0 4.59130155498e-06
1535.0 5.23194828358e-06
1536.0 6.29969283125e-06
1537.0 5.01839937405e-06
1538.0 5.01839937405e-06
1539.0 4.69807600974e-06
1540.0 5.01839937405e-06
1541.0 5.65904610265e-06
1542.0 5.44549719311e-06
1543.0 4.69807600974e-06
1544.0 5.55227164788e-06
1545.0 5.23194828358e-06
1546.0 4.27097819068e-06
1547.0 5.01839937405e-06
1548.0 5.55227164788e-06
1549.0 3.95065482638e-06
1550.0 4.37775264544e-06
1551.0 5.33872273835e-06
1552.0 4.59130155498e-06
1553.0 3.95065482638e-06
1554.0 4.05742928114e-06
1555.0 4.37775264544e-06
1556.0 4.16420373591e-06
1557.0 4.27097819068e-06
1558.0 3.73710591684e-06
1559.0 4.69807600974e-06
1560.0 4.05742928114e-06
1561.0 4.48452710021e-06
1562.0 4.48452710021e-06
1563.0 3.52355700731e-06
1564.0 3.31000809777e-06
1565.0 4.48452710021e-06
1566.0 4.59130155498e-06
1567.0 3.95065482638e-06
1568.0 3.95065482638e-06
1569.0 3.73710591684e-06
1570.0 5.97936946695e-06
1571.0 3.20323364301e-06
1572.0 2.98968473347e-06
1573.0 4.05742928114e-06
1574.0 2.66936136917e-06
1575.0 5.12517382881e-06
1576.0 3.84388037161e-06
1577.0 3.95065482638e-06
1578.0 2.98968473347e-06
1579.0 2.77613582394e-06
1580.0 4.91162491928e-06
1581.0 3.73710591684e-06
1582.0 4.91162491928e-06
1583.0 2.56258691441e-06
1584.0 4.16420373591e-06
1585.0 4.16420373591e-06
1586.0 3.95065482638e-06
1587.0 2.56258691441e-06
1588.0 3.84388037161e-06
1589.0 3.31000809777e-06
1590.0 3.84388037161e-06
1591.0 4.27097819068e-06
1592.0 4.05742928114e-06
1593.0 3.63033146208e-06
1594.0 3.20323364301e-06
1595.0 3.09645918824e-06
1596.0 3.63033146208e-06
1597.0 3.41678255254e-06
1598.0 2.77613582394e-06
1599.0 3.09645918824e-06
1600.0 2.56258691441e-06
1601.0 3.31000809777e-06
1602.0 3.09645918824e-06
1603.0 2.98968473347e-06
1604.0 2.34903800487e-06
1605.0 3.09645918824e-06
1606.0 3.31000809777e-06
1607.0 2.24226355011e-06
1608.0 3.20323364301e-06
1609.0 2.77613582394e-06
1610.0 3.52355700731e-06
1611.0 4.05742928114e-06
1612.0 3.52355700731e-06
1613.0 2.98968473347e-06
1614.0 3.09645918824e-06
1615.0 3.52355700731e-06
1616.0 4.16420373591e-06
1617.0 2.88291027871e-06
1618.0 2.56258691441e-06
1619.0 3.09645918824e-06
1620.0 2.45581245964e-06
1621.0 3.31000809777e-06
1622.0 2.98968473347e-06
1623.0 3.20323364301e-06
1624.0 2.88291027871e-06
1625.0 2.34903800487e-06
1626.0 2.77613582394e-06
1627.0 3.20323364301e-06
1628.0 2.13548909534e-06
1629.0 2.77613582394e-06
1630.0 3.09645918824e-06
1631.0 2.45581245964e-06
1632.0 2.98968473347e-06
1633.0 3.20323364301e-06
1634.0 1.81516573104e-06
1635.0 2.45581245964e-06
1636.0 2.34903800487e-06
1637.0 2.45581245964e-06
1638.0 2.45581245964e-06
1639.0 3.52355700731e-06
1640.0 2.24226355011e-06
1641.0 2.34903800487e-06
1642.0 1.9219401858e-06
1643.0 2.24226355011e-06
1644.0 2.98968473347e-06
1645.0 2.66936136917e-06
1646.0 1.9219401858e-06
1647.0 1.9219401858e-06
1648.0 1.81516573104e-06
1649.0 2.02871464057e-06
1650.0 2.34903800487e-06
1651.0 2.56258691441e-06
1652.0 2.56258691441e-06
1653.0 1.81516573104e-06
1654.0 1.9219401858e-06
1655.0 2.88291027871e-06
1656.0 2.02871464057e-06
1657.0 2.24226355011e-06
1658.0 2.13548909534e-06
1659.0 1.70839127627e-06
1660.0 2.66936136917e-06
1661.0 2.66936136917e-06
1662.0 2.13548909534e-06
1663.0 2.45581245964e-06
1664.0 2.34903800487e-06
1665.0 1.81516573104e-06
1666.0 2.45581245964e-06
1667.0 1.6016168215e-06
1668.0 2.24226355011e-06
1669.0 2.56258691441e-06
1670.0 2.02871464057e-06
1671.0 2.34903800487e-06
1672.0 1.81516573104e-06
1673.0 1.70839127627e-06
1674.0 1.70839127627e-06
1675.0 2.13548909534e-06
1676.0 2.77613582394e-06
1677.0 1.9219401858e-06
1678.0 1.9219401858e-06
1679.0 1.81516573104e-06
1680.0 2.13548909534e-06
1681.0 1.81516573104e-06
1682.0 1.6016168215e-06
1683.0 1.38806791197e-06
1684.0 2.02871464057e-06
1685.0 1.81516573104e-06
1686.0 1.38806791197e-06
1687.0 1.70839127627e-06
1688.0 1.6016168215e-06
1689.0 3.73710591684e-06
1690.0 1.81516573104e-06
1691.0 9.60970092902e-07
1692.0 1.06774454767e-06
1693.0 2.66936136917e-06
1694.0 2.13548909534e-06
1695.0 2.24226355011e-06
1696.0 1.9219401858e-06
1697.0 1.81516573104e-06
1698.0 1.6016168215e-06
1699.0 1.38806791197e-06
1700.0 1.6016168215e-06
1701.0 7.47421183368e-07
1702.0 1.2812934572e-06
1703.0 1.70839127627e-06
1704.0 1.9219401858e-06
1705.0 1.2812934572e-06
1706.0 2.24226355011e-06
1707.0 1.9219401858e-06
1708.0 6.40646728602e-07
1709.0 1.81516573104e-06
1710.0 2.24226355011e-06
1711.0 2.24226355011e-06
1712.0 1.6016168215e-06
1713.0 1.06774454767e-06
1714.0 1.6016168215e-06
1715.0 1.38806791197e-06
1716.0 1.6016168215e-06
1717.0 1.06774454767e-06
1718.0 2.56258691441e-06
1719.0 1.70839127627e-06
1720.0 7.47421183368e-07
1721.0 1.38806791197e-06
1722.0 1.17451900244e-06
1723.0 1.6016168215e-06
1724.0 1.70839127627e-06
1725.0 1.17451900244e-06
1726.0 1.06774454767e-06
1727.0 7.47421183368e-07
1728.0 1.2812934572e-06
1729.0 1.9219401858e-06
1730.0 1.6016168215e-06
1731.0 1.49484236674e-06
1732.0 1.49484236674e-06
1733.0 2.02871464057e-06
1734.0 1.49484236674e-06
1735.0 1.49484236674e-06
1736.0 1.6016168215e-06
1737.0 1.38806791197e-06
1738.0 6.40646728602e-07
1739.0 1.06774454767e-06
1740.0 9.60970092902e-07
1741.0 2.34903800487e-06
1742.0 1.06774454767e-06
1743.0 1.9219401858e-06
1744.0 1.9219401858e-06
1745.0 8.54195638135e-07
1746.0 1.17451900244e-06
1747.0 1.17451900244e-06
1748.0 1.70839127627e-06
1749.0 8.54195638135e-07
1750.0 9.60970092902e-07
1751.0 1.38806791197e-06
1752.0 1.2812934572e-06
1753.0 9.60970092902e-07
1754.0 8.54195638135e-07
1755.0 1.38806791197e-06
1756.0 9.60970092902e-07
1757.0 1.49484236674e-06
1758.0 1.49484236674e-06
1759.0 1.49484236674e-06
1760.0 1.38806791197e-06
1761.0 1.6016168215e-06
1762.0 1.17451900244e-06
1763.0 7.47421183368e-07
1764.0 1.38806791197e-06
1765.0 1.38806791197e-06
1766.0 1.2812934572e-06
1767.0 9.60970092902e-07
1768.0 1.06774454767e-06
1769.0 5.33872273835e-07
1770.0 1.2812934572e-06
1771.0 1.38806791197e-06
1772.0 1.06774454767e-06
1773.0 6.40646728602e-07
1774.0 1.70839127627e-06
1775.0 8.54195638135e-07
1776.0 2.02871464057e-06
1777.0 1.70839127627e-06
1778.0 9.60970092902e-07
1779.0 9.60970092902e-07
1780.0 6.40646728602e-07
1781.0 1.06774454767e-06
1782.0 8.54195638135e-07
1783.0 1.17451900244e-06
1784.0 1.17451900244e-06
1785.0 1.38806791197e-06
1786.0 5.33872273835e-07
1787.0 1.06774454767e-06
1788.0 6.40646728602e-07
1789.0 3.20323364301e-07
1790.0 1.2812934572e-06
1791.0 9.60970092902e-07
1792.0 1.06774454767e-06
1793.0 8.54195638135e-07
1794.0 1.38806791197e-06
1795.0 1.17451900244e-06
1796.0 9.60970092902e-07
1797.0 1.49484236674e-06
1798.0 1.17451900244e-06
1799.0 1.2812934572e-06
1800.0 7.47421183368e-07
1801.0 1.2812934572e-06
1802.0 8.54195638135e-07
1803.0 1.06774454767e-06
1804.0 5.33872273835e-07
1805.0 5.33872273835e-07
1806.0 1.2812934572e-06
1807.0 6.40646728602e-07
1808.0 1.2812934572e-06
1809.0 1.06774454767e-06
1810.0 5.33872273835e-07
1811.0 9.60970092902e-07
1812.0 1.38806791197e-06
1813.0 5.33872273835e-07
1814.0 1.06774454767e-06
1815.0 5.33872273835e-07
1816.0 9.60970092902e-07
1817.0 8.54195638135e-07
1818.0 7.47421183368e-07
1819.0 8.54195638135e-07
1820.0 1.06774454767e-06
1821.0 9.60970092902e-07
1822.0 7.47421183368e-07
1823.0 7.47421183368e-07
1824.0 1.06774454767e-06
1825.0 8.54195638135e-07
1826.0 1.17451900244e-06
1827.0 9.60970092902e-07
1828.0 8.54195638135e-07
1829.0 3.20323364301e-07
1830.0 1.17451900244e-06
1831.0 6.40646728602e-07
1832.0 7.47421183368e-07
1833.0 8.54195638135e-07
1834.0 8.54195638135e-07
1835.0 9.60970092902e-07
1836.0 4.27097819068e-07
1837.0 8.54195638135e-07
1838.0 8.54195638135e-07
1839.0 6.40646728602e-07
1840.0 5.33872273835e-07
1841.0 8.54195638135e-07
1842.0 7.47421183368e-07
1843.0 7.47421183368e-07
1844.0 5.33872273835e-07
1845.0 6.40646728602e-07
1846.0 4.27097819068e-07
1847.0 6.40646728602e-07
1848.0 6.40646728602e-07
1849.0 2.13548909534e-07
1850.0 5.33872273835e-07
1851.0 1.06774454767e-06
1852.0 5.33872273835e-07
1853.0 5.33872273835e-07
1854.0 3.20323364301e-07
1855.0 8.54195638135e-07
1856.0 7.47421183368e-07
1857.0 6.40646728602e-07
1858.0 6.40646728602e-07
1859.0 6.40646728602e-07
1860.0 4.27097819068e-07
1861.0 5.33872273835e-07
1862.0 6.40646728602e-07
1863.0 3.20323364301e-07
1864.0 4.27097819068e-07
1865.0 4.27097819068e-07
1866.0 9.60970092902e-07
1867.0 8.54195638135e-07
1868.0 6.40646728602e-07
1869.0 8.54195638135e-07
1870.0 7.47421183368e-07
1871.0 9.60970092902e-07
1872.0 6.40646728602e-07
1873.0 4.27097819068e-07
1874.0 8.54195638135e-07
1875.0 5.33872273835e-07
1876.0 1.17451900244e-06
1877.0 7.47421183368e-07
1878.0 7.47421183368e-07
1879.0 6.40646728602e-07
1880.0 4.27097819068e-07
1881.0 4.27097819068e-07
1882.0 7.47421183368e-07
1883.0 6.40646728602e-07
1884.0 7.47421183368e-07
1885.0 4.27097819068e-07
1886.0 7.47421183368e-07
1887.0 7.47421183368e-07
1888.0 8.54195638135e-07
1889.0 4.27097819068e-07
1890.0 7.47421183368e-07
1891.0 5.33872273835e-07
1892.0 2.13548909534e-07
1893.0 6.40646728602e-07
1894.0 6.40646728602e-07
1895.0 3.20323364301e-07
1896.0 6.40646728602e-07
1897.0 9.60970092902e-07
1898.0 5.33872273835e-07
1899.0 7.47421183368e-07
1900.0 1.06774454767e-07
1901.0 6.40646728602e-07
1902.0 1.49484236674e-06
1903.0 7.47421183368e-07
1904.0 3.20323364301e-07
1905.0 4.27097819068e-07
1906.0 5.33872273835e-07
1907.0 8.54195638135e-07
1908.0 7.47421183368e-07
1909.0 3.20323364301e-07
1910.0 4.27097819068e-07
1911.0 6.40646728602e-07
1912.0 5.33872273835e-07
1913.0 2.13548909534e-07
1914.0 7.47421183368e-07
1915.0 4.27097819068e-07
1916.0 5.33872273835e-07
1917.0 6.40646728602e-07
1918.0 4.27097819068e-07
1919.0 6.40646728602e-07
1920.0 2.13548909534e-07
1921.0 3.20323364301e-07
1922.0 7.47421183368e-07
1923.0 6.40646728602e-07
1925.0 4.27097819068e-07
1926.0 1.06774454767e-07
1927.0 4.27097819068e-07
1928.0 1.06774454767e-06
1929.0 7.47421183368e-07
1930.0 5.33872273835e-07
1931.0 3.20323364301e-07
1932.0 7.47421183368e-07
1933.0 4.27097819068e-07
1934.0 6.40646728602e-07
1935.0 5.33872273835e-07
1936.0 4.27097819068e-07
1937.0 6.40646728602e-07
1938.0 4.27097819068e-07
1939.0 3.20323364301e-07
1941.0 5.33872273835e-07
1942.0 4.27097819068e-07
1944.0 5.33872273835e-07
1945.0 3.20323364301e-07
1946.0 4.27097819068e-07
1947.0 3.20323364301e-07
1948.0 2.13548909534e-07
1949.0 4.27097819068e-07
1950.0 5.33872273835e-07
1951.0 3.20323364301e-07
1952.0 1.06774454767e-07
1953.0 4.27097819068e-07
1954.0 2.13548909534e-07
1956.0 7.47421183368e-07
1957.0 2.13548909534e-07
1958.0 3.20323364301e-07
1959.0 1.06774454767e-07
1960.0 4.27097819068e-07
1961.0 3.20323364301e-07
1962.0 3.20323364301e-07
1963.0 4.27097819068e-07
1964.0 6.40646728602e-07
1965.0 4.27097819068e-07
1966.0 3.20323364301e-07
1967.0 3.20323364301e-07
1968.0 2.13548909534e-07
1969.0 5.33872273835e-07
1970.0 3.20323364301e-07
1972.0 4.27097819068e-07
1973.0 3.20323364301e-07
1974.0 4.27097819068e-07
1975.0 4.27097819068e-07
1976.0 3.20323364301e-07
1977.0 5.33872273835e-07
1978.0 1.06774454767e-07
1979.0 3.20323364301e-07
1980.0 2.13548909534e-07
1981.0 4.27097819068e-07
1982.0 4.27097819068e-07
1984.0 1.06774454767e-07
1985.0 4.27097819068e-07
1986.0 3.20323364301e-07
1987.0 4.27097819068e-07
1988.0 6.40646728602e-07
1989.0 4.27097819068e-07
1990.0 2.13548909534e-07
1991.0 3.20323364301e-07
1992.0 4.27097819068e-07
1993.0 1.06774454767e-07
1994.0 2.13548909534e-07
1995.0 4.27097819068e-07
1996.0 3.20323364301e-07
1997.0 2.13548909534e-07
1998.0 5.33872273835e-07
1999.0 3.20323364301e-07
2000.0 2.13548909534e-07
2001.0 5.33872273835e-07
2002.0 1.06774454767e-07
2003.0 3.20323364301e-07
2004.0 5.33872273835e-07
2005.0 8.54195638135e-07
2006.0 3.20323364301e-07
2007.0 3.20323364301e-07
2008.0 6.40646728602e-07
2009.0 5.33872273835e-07
2010.0 2.13548909534e-07
2011.0 3.20323364301e-07
2012.0 1.06774454767e-07
2013.0 3.20323364301e-07
2014.0 1.06774454767e-07
2015.0 2.13548909534e-07
2016.0 5.33872273835e-07
2017.0 5.33872273835e-07
2018.0 1.06774454767e-07
2019.0 6.40646728602e-07
2020.0 2.13548909534e-07
2021.0 3.20323364301e-07
2022.0 3.20323364301e-07
2023.0 1.06774454767e-07
2024.0 1.06774454767e-07
2025.0 3.20323364301e-07
2026.0 3.20323364301e-07
2027.0 3.20323364301e-07
2028.0 3.20323364301e-07
2029.0 3.20323364301e-07
2030.0 4.27097819068e-07
2031.0 1.06774454767e-07
2032.0 2.13548909534e-07
2033.0 5.33872273835e-07
2034.0 2.13548909534e-07
2035.0 2.13548909534e-07
2037.0 4.27097819068e-07
2038.0 5.33872273835e-07
2039.0 5.33872273835e-07
2040.0 4.27097819068e-07
2041.0 2.13548909534e-07
2042.0 3.20323364301e-07
2043.0 3.20323364301e-07
2044.0 2.13548909534e-07
2046.0 6.40646728602e-07
2047.0 3.20323364301e-07
2048.0 2.13548909534e-07
2049.0 2.13548909534e-07
2050.0 2.13548909534e-07
2051.0 2.13548909534e-07
2052.0 3.20323364301e-07
2053.0 2.13548909534e-07
2054.0 6.40646728602e-07
2055.0 4.27097819068e-07
2056.0 4.27097819068e-07
2057.0 4.27097819068e-07
2058.0 3.20323364301e-07
2059.0 3.20323364301e-07
2060.0 4.27097819068e-07
2061.0 1.06774454767e-07
2062.0 2.13548909534e-07
2063.0 1.06774454767e-07
2064.0 6.40646728602e-07
2066.0 1.06774454767e-07
2068.0 5.33872273835e-07
2069.0 1.06774454767e-07
2070.0 2.13548909534e-07
2071.0 2.13548909534e-07
2072.0 2.13548909534e-07
2073.0 2.13548909534e-07
2074.0 1.06774454767e-07
2075.0 1.06774454767e-07
2076.0 4.27097819068e-07
2077.0 1.06774454767e-07
2078.0 2.13548909534e-07
2079.0 3.20323364301e-07
2080.0 1.06774454767e-07
2081.0 2.13548909534e-07
2082.0 3.20323364301e-07
2084.0 3.20323364301e-07
2087.0 3.20323364301e-07
2088.0 1.06774454767e-07
2089.0 2.13548909534e-07
2090.0 3.20323364301e-07
2091.0 3.20323364301e-07
2092.0 1.06774454767e-07
2093.0 3.20323364301e-07
2094.0 2.13548909534e-07
2095.0 1.06774454767e-07
2099.0 1.06774454767e-07
2100.0 4.27097819068e-07
2101.0 1.06774454767e-07
2102.0 1.06774454767e-07
2103.0 1.06774454767e-07
2104.0 4.27097819068e-07
2105.0 4.27097819068e-07
2106.0 2.13548909534e-07
2107.0 1.06774454767e-07
2108.0 1.06774454767e-07
2109.0 2.13548909534e-07
2110.0 1.06774454767e-07
2111.0 1.06774454767e-07
2112.0 1.06774454767e-07
2113.0 2.13548909534e-07
2114.0 1.06774454767e-07
2115.0 1.06774454767e-07
2116.0 1.06774454767e-07
2117.0 2.13548909534e-07
2118.0 1.06774454767e-07
2119.0 1.06774454767e-07
2120.0 2.13548909534e-07
2122.0 3.20323364301e-07
2123.0 2.13548909534e-07
2126.0 2.13548909534e-07
2127.0 1.06774454767e-07
2128.0 2.13548909534e-07
2129.0 1.06774454767e-07
2130.0 2.13548909534e-07
2131.0 1.06774454767e-07
2132.0 3.20323364301e-07
2133.0 1.06774454767e-07
2134.0 3.20323364301e-07
2135.0 2.13548909534e-07
2136.0 2.13548909534e-07
2137.0 2.13548909534e-07
2138.0 3.20323364301e-07
2139.0 1.06774454767e-07
2140.0 4.27097819068e-07
2141.0 4.27097819068e-07
2142.0 6.40646728602e-07
2143.0 3.20323364301e-07
2144.0 1.06774454767e-07
2145.0 1.06774454767e-07
2146.0 2.13548909534e-07
2147.0 2.13548909534e-07
2148.0 1.06774454767e-07
2149.0 1.06774454767e-07
2150.0 4.27097819068e-07
2152.0 1.06774454767e-07
2153.0 1.06774454767e-07
2154.0 2.13548909534e-07
2155.0 5.33872273835e-07
2156.0 2.13548909534e-07
2157.0 3.20323364301e-07
2158.0 1.06774454767e-07
2160.0 3.20323364301e-07
2161.0 2.13548909534e-07
2162.0 1.06774454767e-07
2163.0 1.06774454767e-07
2164.0 1.06774454767e-07
2167.0 1.06774454767e-07
2168.0 3.20323364301e-07
2169.0 1.06774454767e-07
2170.0 6.40646728602e-07
2171.0 4.27097819068e-07
2172.0 1.06774454767e-07
2174.0 1.06774454767e-07
2175.0 1.06774454767e-07
2176.0 1.06774454767e-07
2177.0 1.06774454767e-07
2178.0 1.06774454767e-07
2179.0 5.33872273835e-07
2180.0 2.13548909534e-07
2181.0 1.06774454767e-07
2182.0 1.06774454767e-07
2183.0 1.06774454767e-07
2186.0 1.06774454767e-07
2188.0 1.06774454767e-07
2189.0 1.06774454767e-07
2190.0 2.13548909534e-07
2192.0 1.06774454767e-07
2193.0 2.13548909534e-07
2195.0 1.06774454767e-07
2196.0 1.06774454767e-07
2197.0 1.06774454767e-07
2199.0 4.27097819068e-07
2200.0 1.06774454767e-07
2201.0 3.20323364301e-07
2203.0 1.06774454767e-07
2204.0 1.06774454767e-07
2205.0 2.13548909534e-07
2206.0 3.20323364301e-07
2207.0 3.20323364301e-07
2208.0 1.06774454767e-07
2209.0 2.13548909534e-07
2210.0 2.13548909534e-07
2211.0 1.06774454767e-07
2213.0 1.06774454767e-07
2214.0 3.20323364301e-07
2215.0 2.13548909534e-07
2216.0 2.13548909534e-07
2217.0 3.20323364301e-07
2218.0 1.06774454767e-07
2219.0 1.06774454767e-07
2220.0 2.13548909534e-07
2223.0 2.13548909534e-07
2224.0 3.20323364301e-07
2225.0 3.20323364301e-07
2226.0 2.13548909534e-07
2227.0 1.06774454767e-07
2228.0 3.20323364301e-07
2231.0 2.13548909534e-07
2232.0 1.06774454767e-07
2233.0 1.06774454767e-07
2234.0 1.06774454767e-07
2235.0 2.13548909534e-07
2236.0 2.13548909534e-07
2237.0 2.13548909534e-07
2238.0 1.06774454767e-07
2240.0 2.13548909534e-07
2241.0 3.20323364301e-07
2242.0 3.20323364301e-07
2243.0 2.13548909534e-07
2244.0 3.20323364301e-07
2245.0 2.13548909534e-07
2246.0 2.13548909534e-07
2248.0 1.06774454767e-07
2251.0 1.06774454767e-07
2252.0 1.06774454767e-07
2254.0 1.06774454767e-07
2255.0 3.20323364301e-07
2256.0 1.06774454767e-07
2259.0 4.27097819068e-07
2260.0 1.06774454767e-07
2262.0 2.13548909534e-07
2263.0 2.13548909534e-07
2264.0 2.13548909534e-07
2266.0 1.06774454767e-07
2267.0 2.13548909534e-07
2268.0 2.13548909534e-07
2271.0 1.06774454767e-07
2272.0 1.06774454767e-07
2273.0 1.06774454767e-07
2274.0 2.13548909534e-07
2277.0 3.20323364301e-07
2278.0 2.13548909534e-07
2280.0 1.06774454767e-07
2281.0 3.20323364301e-07
2283.0 1.06774454767e-07
2284.0 1.06774454767e-07
2285.0 1.06774454767e-07
2287.0 2.13548909534e-07
2288.0 1.06774454767e-07
2289.0 1.06774454767e-07
2290.0 2.13548909534e-07
2291.0 1.06774454767e-07
2294.0 3.20323364301e-07
2295.0 1.06774454767e-07
2296.0 1.06774454767e-07
2298.0 1.06774454767e-07
2301.0 2.13548909534e-07
2302.0 3.20323364301e-07
2303.0 1.06774454767e-07
2304.0 3.20323364301e-07
2306.0 2.13548909534e-07
2307.0 2.13548909534e-07
2308.0 2.13548909534e-07
2310.0 1.06774454767e-07
2315.0 2.13548909534e-07
2316.0 1.06774454767e-07
2318.0 2.13548909534e-07
2319.0 1.06774454767e-07
2321.0 1.06774454767e-07
2323.0 4.27097819068e-07
2324.0 1.06774454767e-07
2327.0 2.13548909534e-07
2329.0 2.13548909534e-07
2331.0 2.13548909534e-07
2333.0 2.13548909534e-07
2335.0 1.06774454767e-07
2337.0 1.06774454767e-07
2340.0 2.13548909534e-07
2342.0 3.20323364301e-07
2343.0 1.06774454767e-07
2350.0 2.13548909534e-07
2351.0 1.06774454767e-07
2352.0 2.13548909534e-07
2354.0 2.13548909534e-07
2361.0 2.13548909534e-07
2363.0 1.06774454767e-07
2364.0 1.06774454767e-07
2365.0 2.13548909534e-07
2366.0 4.27097819068e-07
2367.0 2.13548909534e-07
2369.0 1.06774454767e-07
2370.0 4.27097819068e-07
2371.0 2.13548909534e-07
2372.0 1.06774454767e-07
2373.0 1.06774454767e-07
2374.0 1.06774454767e-07
2375.0 1.06774454767e-07
2377.0 1.06774454767e-07
2378.0 1.06774454767e-07
2380.0 1.06774454767e-07
2382.0 2.13548909534e-07
2383.0 1.06774454767e-07
2384.0 2.13548909534e-07
2386.0 2.13548909534e-07
2387.0 1.06774454767e-07
2388.0 1.06774454767e-07
2389.0 2.13548909534e-07
2390.0 1.06774454767e-07
2391.0 1.06774454767e-07
2392.0 1.06774454767e-07
2395.0 1.06774454767e-07
2396.0 2.13548909534e-07
2397.0 2.13548909534e-07
2398.0 1.06774454767e-07
2399.0 3.20323364301e-07
2400.0 1.06774454767e-07
2403.0 2.13548909534e-07
2404.0 2.13548909534e-07
2405.0 4.27097819068e-07
2408.0 3.20323364301e-07
2410.0 1.06774454767e-07
2413.0 1.06774454767e-07
2415.0 1.06774454767e-07
2416.0 1.06774454767e-07
2417.0 1.06774454767e-07
2418.0 1.06774454767e-07
2424.0 1.06774454767e-07
2425.0 2.13548909534e-07
2426.0 1.06774454767e-07
2428.0 1.06774454767e-07
2432.0 1.06774454767e-07
2433.0 1.06774454767e-07
2438.0 2.13548909534e-07
2440.0 1.06774454767e-07
2441.0 1.06774454767e-07
2443.0 1.06774454767e-07
2444.0 2.13548909534e-07
2445.0 1.06774454767e-07
2450.0 1.06774454767e-07
2452.0 2.13548909534e-07
2458.0 1.06774454767e-07
2461.0 1.06774454767e-07
2462.0 1.06774454767e-07
2464.0 2.13548909534e-07
2465.0 2.13548909534e-07
2468.0 2.13548909534e-07
2469.0 1.06774454767e-07
2470.0 1.06774454767e-07
2475.0 1.06774454767e-07
2477.0 1.06774454767e-07
2478.0 3.20323364301e-07
2479.0 1.06774454767e-07
2482.0 1.06774454767e-07
2483.0 1.06774454767e-07
2486.0 1.06774454767e-07
2487.0 1.06774454767e-07
2490.0 1.06774454767e-07
2492.0 1.06774454767e-07
2495.0 1.06774454767e-07
2497.0 2.13548909534e-07
2498.0 1.06774454767e-07
2502.0 3.20323364301e-07
2503.0 1.06774454767e-07
2504.0 1.06774454767e-07
2506.0 1.06774454767e-07
2507.0 1.06774454767e-07
2509.0 3.20323364301e-07
2511.0 3.20323364301e-07
2513.0 1.06774454767e-07
2514.0 1.06774454767e-07
2516.0 1.06774454767e-07
2517.0 1.06774454767e-07
2521.0 3.20323364301e-07
2523.0 1.06774454767e-07
2532.0 2.13548909534e-07
2537.0 3.20323364301e-07
2544.0 1.06774454767e-07
2549.0 2.13548909534e-07
2550.0 1.06774454767e-07
2551.0 1.06774454767e-07
2552.0 2.13548909534e-07
2554.0 1.06774454767e-07
2555.0 1.06774454767e-07
2556.0 1.06774454767e-07
2557.0 1.06774454767e-07
2560.0 2.13548909534e-07
2561.0 1.06774454767e-07
2563.0 1.06774454767e-07
2565.0 1.06774454767e-07
2566.0 1.06774454767e-07
2567.0 1.06774454767e-07
2568.0 1.06774454767e-07
2570.0 1.06774454767e-07
2573.0 1.06774454767e-07
2576.0 2.13548909534e-07
2580.0 1.06774454767e-07
2582.0 1.06774454767e-07
2584.0 1.06774454767e-07
2586.0 2.13548909534e-07
2587.0 1.06774454767e-07
2589.0 1.06774454767e-07
2592.0 3.20323364301e-07
2593.0 2.13548909534e-07
2598.0 1.06774454767e-07
2602.0 1.06774454767e-07
2605.0 1.06774454767e-07
2607.0 2.13548909534e-07
2609.0 1.06774454767e-07
2610.0 1.06774454767e-07
2615.0 2.13548909534e-07
2617.0 1.06774454767e-07
2618.0 1.06774454767e-07
2619.0 2.13548909534e-07
2623.0 1.06774454767e-07
2626.0 1.06774454767e-07
2627.0 1.06774454767e-07
2630.0 1.06774454767e-07
2638.0 1.06774454767e-07
2639.0 1.06774454767e-07
2645.0 2.13548909534e-07
2646.0 2.13548909534e-07
2650.0 2.13548909534e-07
2662.0 3.20323364301e-07
2667.0 1.06774454767e-07
2672.0 1.06774454767e-07
2674.0 2.13548909534e-07
2675.0 1.06774454767e-07
2677.0 1.06774454767e-07
2680.0 1.06774454767e-07
2685.0 1.06774454767e-07
2686.0 1.06774454767e-07
2687.0 2.13548909534e-07
2689.0 1.06774454767e-07
2690.0 1.06774454767e-07
2696.0 2.13548909534e-07
2700.0 1.06774454767e-07
2701.0 1.06774454767e-07
2704.0 1.06774454767e-07
2707.0 1.06774454767e-07
2711.0 1.06774454767e-07
2713.0 1.06774454767e-07
2714.0 1.06774454767e-07
2718.0 1.06774454767e-07
2723.0 2.13548909534e-07
2730.0 1.06774454767e-07
2731.0 2.13548909534e-07
2734.0 1.06774454767e-07
2738.0 1.06774454767e-07
2740.0 1.06774454767e-07
2741.0 1.06774454767e-07
2752.0 2.13548909534e-07
2758.0 1.06774454767e-07
2760.0 1.06774454767e-07
2768.0 1.06774454767e-07
2770.0 1.06774454767e-07
2771.0 1.06774454767e-07
2772.0 1.06774454767e-07
2777.0 1.06774454767e-07
2789.0 1.06774454767e-07
2793.0 1.06774454767e-07
2794.0 1.06774454767e-07
2798.0 1.06774454767e-07
2799.0 1.06774454767e-07
2803.0 1.06774454767e-07
2804.0 1.06774454767e-07
2805.0 1.06774454767e-07
2809.0 1.06774454767e-07
2810.0 1.06774454767e-07
2811.0 1.06774454767e-07
2813.0 1.06774454767e-07
2814.0 2.13548909534e-07
2816.0 2.13548909534e-07
2817.0 2.13548909534e-07
2818.0 1.06774454767e-07
2820.0 1.06774454767e-07
2824.0 2.13548909534e-07
2826.0 1.06774454767e-07
2827.0 1.06774454767e-07
2830.0 1.06774454767e-07
2833.0 1.06774454767e-07
2835.0 1.06774454767e-07
2837.0 1.06774454767e-07
2839.0 1.06774454767e-07
2851.0 1.06774454767e-07
2855.0 2.13548909534e-07
2856.0 1.06774454767e-07
2857.0 1.06774454767e-07
2858.0 1.06774454767e-07
2859.0 1.06774454767e-07
2862.0 2.13548909534e-07
2867.0 1.06774454767e-07
2871.0 1.06774454767e-07
2874.0 1.06774454767e-07
2877.0 1.06774454767e-07
2880.0 1.06774454767e-07
2882.0 1.06774454767e-07
2884.0 2.13548909534e-07
2885.0 1.06774454767e-07
2886.0 1.06774454767e-07
2887.0 1.06774454767e-07
2894.0 2.13548909534e-07
2895.0 1.06774454767e-07
2903.0 1.06774454767e-07
2905.0 1.06774454767e-07
2906.0 1.06774454767e-07
2910.0 1.06774454767e-07
2911.0 1.06774454767e-07
2912.0 1.06774454767e-07
2919.0 1.06774454767e-07
2920.0 2.13548909534e-07
2923.0 1.06774454767e-07
2924.0 1.06774454767e-07
2927.0 2.13548909534e-07
2928.0 1.06774454767e-07
2931.0 1.06774454767e-07
2934.0 1.06774454767e-07
2936.0 1.06774454767e-07
2940.0 2.13548909534e-07
2941.0 1.06774454767e-07
2948.0 3.20323364301e-07
2949.0 1.06774454767e-07
2951.0 2.13548909534e-07
2954.0 1.06774454767e-07
2962.0 1.06774454767e-07
2965.0 1.06774454767e-07
2967.0 1.06774454767e-07
2968.0 1.06774454767e-07
2972.0 1.06774454767e-07
2974.0 1.06774454767e-07
2975.0 1.06774454767e-07
2976.0 1.06774454767e-07
2980.0 1.06774454767e-07
2982.0 1.06774454767e-07
2986.0 2.13548909534e-07
2987.0 1.06774454767e-07
2989.0 1.06774454767e-07
2991.0 1.06774454767e-07
2992.0 2.13548909534e-07
2997.0 1.06774454767e-07
3001.0 2.13548909534e-07
3003.0 1.06774454767e-07
3004.0 1.06774454767e-07
3006.0 1.06774454767e-07
3009.0 1.06774454767e-07
3012.0 1.06774454767e-07
3014.0 1.06774454767e-07
3023.0 1.06774454767e-07
3032.0 2.13548909534e-07
3039.0 1.06774454767e-07
3040.0 1.06774454767e-07
3044.0 1.06774454767e-07
3046.0 2.13548909534e-07
3048.0 1.06774454767e-07
3053.0 2.13548909534e-07
3055.0 1.06774454767e-07
3057.0 1.06774454767e-07
3058.0 1.06774454767e-07
3059.0 2.13548909534e-07
3060.0 2.13548909534e-07
3070.0 1.06774454767e-07
3082.0 1.06774454767e-07
3084.0 1.06774454767e-07
3086.0 1.06774454767e-07
3091.0 1.06774454767e-07
3093.0 1.06774454767e-07
3096.0 1.06774454767e-07
3099.0 1.06774454767e-07
3104.0 1.06774454767e-07
3106.0 1.06774454767e-07
3114.0 1.06774454767e-07
3122.0 1.06774454767e-07
3123.0 1.06774454767e-07
3125.0 1.06774454767e-07
3130.0 1.06774454767e-07
3133.0 2.13548909534e-07
3138.0 1.06774454767e-07
3139.0 1.06774454767e-07
3140.0 1.06774454767e-07
3146.0 1.06774454767e-07
3157.0 1.06774454767e-07
3161.0 2.13548909534e-07
3164.0 2.13548909534e-07
3180.0 2.13548909534e-07
3189.0 1.06774454767e-07
3190.0 1.06774454767e-07
3195.0 1.06774454767e-07
3196.0 1.06774454767e-07
3198.0 2.13548909534e-07
3199.0 2.13548909534e-07
3204.0 1.06774454767e-07
3205.0 1.06774454767e-07
3214.0 1.06774454767e-07
3222.0 1.06774454767e-07
3223.0 1.06774454767e-07
3238.0 1.06774454767e-07
3239.0 1.06774454767e-07
3240.0 1.06774454767e-07
3243.0 2.13548909534e-07
3245.0 1.06774454767e-07
3250.0 1.06774454767e-07
3253.0 1.06774454767e-07
3259.0 1.06774454767e-07
3260.0 1.06774454767e-07
3273.0 1.06774454767e-07
3276.0 1.06774454767e-07
3277.0 1.06774454767e-07
3278.0 2.13548909534e-07
3279.0 1.06774454767e-07
3281.0 1.06774454767e-07
3285.0 1.06774454767e-07
3290.0 1.06774454767e-07
3292.0 2.13548909534e-07
3301.0 1.06774454767e-07
3306.0 1.06774454767e-07
3308.0 1.06774454767e-07
3309.0 2.13548909534e-07
3310.0 1.06774454767e-07
3314.0 1.06774454767e-07
3315.0 1.06774454767e-07
3318.0 1.06774454767e-07
3324.0 2.13548909534e-07
3325.0 1.06774454767e-07
3333.0 1.06774454767e-07
3335.0 1.06774454767e-07
3339.0 1.06774454767e-07
3342.0 1.06774454767e-07
3344.0 1.06774454767e-07
3345.0 1.06774454767e-07
3347.0 1.06774454767e-07
3350.0 1.06774454767e-07
3352.0 1.06774454767e-07
3355.0 1.06774454767e-07
3359.0 1.06774454767e-07
3364.0 1.06774454767e-07
3366.0 1.06774454767e-07
3369.0 1.06774454767e-07
3370.0 1.06774454767e-07
3372.0 1.06774454767e-07
3377.0 1.06774454767e-07
3379.0 1.06774454767e-07
3380.0 1.06774454767e-07
3389.0 1.06774454767e-07
3394.0 1.06774454767e-07
3395.0 1.06774454767e-07
3400.0 1.06774454767e-07
3412.0 1.06774454767e-07
3414.0 1.06774454767e-07
3416.0 1.06774454767e-07
3417.0 2.13548909534e-07
3419.0 1.06774454767e-07
3423.0 2.13548909534e-07
3431.0 3.20323364301e-07
3433.0 1.06774454767e-07
3436.0 1.06774454767e-07
3438.0 1.06774454767e-07
3440.0 1.06774454767e-07
3445.0 1.06774454767e-07
3453.0 1.06774454767e-07
3471.0 1.06774454767e-07
3472.0 1.06774454767e-07
3479.0 1.06774454767e-07
3486.0 1.06774454767e-07
3503.0 1.06774454767e-07
3522.0 1.06774454767e-07
3525.0 1.06774454767e-07
3526.0 1.06774454767e-07
3532.0 1.06774454767e-07
3539.0 1.06774454767e-07
3546.0 1.06774454767e-07
3550.0 1.06774454767e-07
3551.0 1.06774454767e-07
3554.0 1.06774454767e-07
3562.0 1.06774454767e-07
3564.0 1.06774454767e-07
3572.0 1.06774454767e-07
3575.0 1.06774454767e-07
3581.0 1.06774454767e-07
3591.0 1.06774454767e-07
3598.0 1.06774454767e-07
3601.0 1.06774454767e-07
3621.0 1.06774454767e-07
3635.0 1.06774454767e-07
3638.0 1.06774454767e-07
3651.0 1.06774454767e-07
3658.0 1.06774454767e-07
3664.0 1.06774454767e-07
3673.0 1.06774454767e-07
3676.0 1.06774454767e-07
3685.0 1.06774454767e-07
3711.0 1.06774454767e-07
3714.0 1.06774454767e-07
3728.0 1.06774454767e-07
3729.0 1.06774454767e-07
3730.0 1.06774454767e-07
3746.0 1.06774454767e-07
3759.0 1.06774454767e-07
3776.0 1.06774454767e-07
3779.0 1.06774454767e-07
3782.0 1.06774454767e-07
3784.0 1.06774454767e-07
3804.0 1.06774454767e-07
3810.0 1.06774454767e-07
3838.0 2.13548909534e-07
3842.0 1.06774454767e-07
3855.0 1.06774454767e-07
3866.0 1.06774454767e-07
3881.0 1.06774454767e-07
3887.0 1.06774454767e-07
3906.0 1.06774454767e-07
3916.0 1.06774454767e-07
3931.0 1.06774454767e-07
